1746935505211 0.0002 0
1746935512594 0.000411684 1
1746935518796 0.000614656 2
1746935525410 0.0008089159999999999 3
1746935531305 0.000994464 4
1746935537442 0.0011713000000000001 5
1746935543191 0.0013394239999999999 6
1746935549150 0.0014988360000000001 7
1746935555297 0.001649536 8
1746935560743 0.0016436000000000003 9
1746935567540 0.0016040000000000002 10
1746935573609 0.0015644 11
1746935579573 0.0015248 12
1746935586283 0.0014852 13
1746935593062 0.0014456 14
1746935599869 0.001406 15
1746935607252 0.0013663999999999998 16
1746935614433 0.0013267999999999997 17
1746935623778 0.0012872 18
1746935629880 0.0012476 19
1746935638301 0.001208 20
1746935648203 0.0011684000000000002 21
1746935656044 0.0011288000000000001 22
1746935665098 0.0010892000000000002 23
1746935673424 0.0010496000000000001 24
1746935683768 0.00101 25
1746935693483 0.0009704 26
1746935703713 0.0009308 27
1746935711547 0.0008911999999999999 28
1746935720584 0.0008516000000000001 29
1746935731278 0.0008120000000000001 30
1746935738583 0.0007724 31
1746935747624 0.0007328 32
1746935757123 0.0006931999999999999 33
1746935766609 0.0006536 34
1746935776861 0.0006140000000000001 35
1746935785689 0.0005744000000000001 36
1746935795295 0.0005348000000000001 37
1746935804986 0.0004952 38
1746935814006 0.00045559999999999996 39
1746935822472 0.0004159999999999999 40
1746935829657 0.00037640000000000015 41
1746935836789 0.0003368000000000001 42
1746935846086 0.0002972 43
1746935853335 0.00025760000000000003 44
1746935861156 0.00021799999999999996 45
1746935871293 0.00017839999999999992 46
1746935877557 0.0001388000000000001 47
1746935885533 9.920000000000008e-05 48
1746935894924 5.9600000000000046e-05 49
