1746937166646 0.37483 0
1746937170992 0.45733 1
1746937176225 0.49052 2
1746937181961 0.52846 3
1746937187014 0.41741 4
1746937191944 0.4037 5
1746937196979 0.44803 6
1746937203688 0.55589 7
1746937207545 0.55589 8
1746937213816 0.50412 9
1746937220522 0.66435 10
1746937224499 0.66435 11
1746937231528 0.71437 12
1746937238564 0.81045 13
1746937242532 0.81045 14
1746937247293 0.65903 15
1746937252806 0.64207 16
1746937259253 0.62138 17
1746937263281 0.70047 18
1746937268632 0.62985 19
1746937274701 0.71139 20
1746937278688 0.71139 21
1746937285088 0.81809 22
1746937291739 0.82092 23
1746937295664 0.89766 24
1746937302296 0.85177 25
1746937307375 0.91978 26
1746937311323 0.91978 27
1746937316131 0.9373 28
1746937321881 0.9587 29
1746937325885 0.9587 30
1746937331695 0.95435 31
1746937338385 0.92627 32
1746937344157 0.89797 33
1746937348176 0.89797 34
1746937353789 0.88525 35
1746937359245 0.87662 36
1746937363173 0.87662 37
1746937368886 0.86728 38
1746937375532 0.86961 39
1746937379565 0.86961 40
1746937386678 0.55813 41
1746937393782 0.60061 42
1746937400124 0.91726 43
1746937407419 0.90936 44
1746937417454 0.97853 45
1746937421512 0.97853 46
1746937428452 0.90536 47
1746937435570 0.91394 48
1746937442559 0.68197 49
1746937448821 0.98567 50
1746937455476 0.60157 51
1746937462685 0.69651 52
1746937471208 0.995 53
1746937477753 0.66794 54
1746937486242 0.65251 55
1746937492677 0.96 56
1746937499786 0.64531 57
1746937506937 0.64531 58
1746937513713 0.95533 59
1746937520873 0.87633 60
1746937538908 0.30965 61
1746937569506 0.62018 62
1746937576714 0.62371 63
1746937584277 0.63642 64
1746937593417 0.65262 65
1746937600095 0.95676 66
1746937606704 0.68197 67
1746937613103 0.98567 68
1746937617192 0.98567 69
1746937624048 0.68197 70
1746937631173 0.68197 71
1746937637396 0.98567 72
1746937643720 0.59282 73
1746937650104 0.90144 74
1746937655571 0.97336 75
1746937662956 0.97336 76
1746937669530 0.96433 77
1746937673684 0.96433 78
1746937682408 0.96433 79
1746937689749 0.96433 80
1746937695366 0.96833 81
1746937701874 0.96833 82
1746937709112 0.975 83
1746937717127 0.66742 84
1746937722733 0.975 85
1746937729875 0.975 86
1746937736585 0.65867 87
1746937742934 0.96833 88
1746937748991 0.96833 89
1746937757583 0.90144 90
1746937761614 0.97336 91
1746937767795 0.91394 92
1746937774211 0.99 93
1746937778284 0.99 94
1746937783352 0.98567 95
1746937790205 0.98567 96
1746937797179 0.68851 97
1746937802547 0.99 98
1746937808920 0.91921 99
1746937814468 0.6819657954545456 99
