1746937166646 0.22545 0
1746937170992 0.24886 1
1746937176225 0.276 2
1746937181961 0.31426 3
1746937187014 0.24756 4
1746937191944 0.23089 5
1746937196979 0.29678 6
1746937203688 0.3889 7
1746937207545 0.3889 8
1746937213816 0.36258 9
1746937220522 0.43867 10
1746937224499 0.43867 11
1746937231528 0.44861 12
1746937238564 0.52936 13
1746937242532 0.52936 14
1746937247293 0.39517 15
1746937252806 0.43265 16
1746937259253 0.36438 17
1746937263281 0.43291 18
1746937268632 0.3772 19
1746937274701 0.43615 20
1746937278688 0.43615 21
1746937285088 0.49229 22
1746937291739 0.53394 23
1746937295664 0.60922 24
1746937302296 0.58136 25
1746937307375 0.63532 26
1746937311323 0.63532 27
1746937316131 0.6983 28
1746937321881 0.71657 29
1746937325885 0.71657 30
1746937331695 0.68417 31
1746937338385 0.66074 32
1746937344157 0.67231 33
1746937348176 0.67231 34
1746937353789 0.65738 35
1746937359245 0.60734 36
1746937363173 0.60734 37
1746937368886 0.6066 38
1746937375532 0.61542 39
1746937379565 0.61542 40
1746937386678 0.40748 41
1746937393782 0.4003 42
1746937400124 0.62098 43
1746937407419 0.6169 44
1746937417454 0.73607 45
1746937421512 0.73607 46
1746937428452 0.68925 47
1746937435570 0.65534 48
1746937442559 0.46341 49
1746937448821 0.69884 50
1746937455476 0.38411 51
1746937462685 0.42625 52
1746937471208 0.66189 53
1746937477753 0.40726 54
1746937486242 0.3962 55
1746937492677 0.64505 56
1746937499786 0.42265 57
1746937506937 0.43199 58
1746937513713 0.69201 59
1746937520873 0.6607 60
1746937538908 0.22744 61
1746937569506 0.47111 62
1746937576714 0.45568 63
1746937584277 0.45617 64
1746937593417 0.45993 65
1746937600095 0.66287 66
1746937606704 0.46765 67
1746937613103 0.68044 68
1746937617192 0.68044 69
1746937624048 0.45197 70
1746937631173 0.45304 71
1746937637396 0.69726 72
1746937643720 0.37448 73
1746937650104 0.63651 74
1746937655571 0.70764 75
1746937662956 0.70609 76
1746937669530 0.68608 77
1746937673684 0.68608 78
1746937682408 0.70783 79
1746937689749 0.7013 80
1746937695366 0.6989 81
1746937701874 0.6989 82
1746937709112 0.70081 83
1746937717127 0.44484 84
1746937722733 0.69098 85
1746937729875 0.70944 86
1746937736585 0.46221 87
1746937742934 0.724 88
1746937748991 0.72542 89
1746937757583 0.64334 90
1746937761614 0.72672 91
1746937767795 0.65505 92
1746937774211 0.74334 93
1746937778284 0.74334 94
1746937783352 0.75066 95
1746937790205 0.74142 96
1746937797179 0.4887 97
1746937802547 0.7441 98
1746937808920 0.66509 99
1746937814468 0.49145241816498314 99
