1746937166646 0.008 0
1746937170992 0.008 1
1746937176225 0.008 2
1746937181961 0.00867 3
1746937187014 0.00733 4
1746937191944 0.01052 5
1746937196979 1.0 6
1746937203688 1.0 7
1746937207545 1.0 8
1746937213816 1.0 9
1746937220522 1.0 10
1746937224499 1.0 11
1746937231528 0.88714 12
1746937238564 0.9957 13
1746937242532 0.9957 14
1746937247293 0.79775 15
1746937252806 0.79159 16
1746937259253 0.96008 17
1746937263281 0.96491 18
1746937268632 0.78878 19
1746937274701 0.8783 20
1746937278688 0.8783 21
1746937285088 0.77585 22
1746937291739 0.89584 23
1746937295664 0.90101 24
1746937302296 0.8887 25
1746937307375 0.95226 26
1746937311323 0.95226 27
1746937316131 1.0 28
1746937321881 0.98439 29
1746937325885 0.98439 30
1746937331695 0.99548 31
1746937338385 0.90327 32
1746937344157 0.9586 33
1746937348176 0.9586 34
1746937353789 0.90138 35
1746937359245 0.88612 36
1746937363173 0.88612 37
1746937368886 0.88249 38
1746937375532 0.7827 39
1746937379565 0.7827 40
1746937386678 0.64276 41
1746937393782 0.68814 42
1746937400124 0.84467 43
1746937407419 0.96333 44
1746937417454 0.98891 45
1746937421512 0.98891 46
1746937428452 0.98682 47
1746937435570 0.9858 48
1746937442559 0.98506 49
1746937448821 0.99183 50
1746937455476 0.98975 51
1746937462685 1.0 52
1746937471208 1.0 53
1746937477753 0.99181 54
1746937486242 1.0 55
1746937492677 0.99824 56
1746937499786 1.0 57
1746937506937 1.0 58
1746937513713 1.0 59
1746937520873 1.0 60
1746937538908 0.9826 61
1746937569506 1.0 62
1746937576714 1.0 63
1746937584277 0.87528 64
1746937593417 0.8758 65
1746937600095 0.91423 66
1746937606704 1.0 67
1746937613103 0.99968 68
1746937617192 0.99968 69
1746937624048 0.9858 70
1746937631173 0.9878 71
1746937637396 0.9971 72
1746937643720 0.7976 73
1746937650104 0.85618 74
1746937655571 0.86576 75
1746937662956 0.8658 76
1746937669530 0.86585 77
1746937673684 0.86585 78
1746937682408 0.86615 79
1746937689749 0.86664 80
1746937695366 0.85928 81
1746937701874 0.85928 82
1746937709112 0.85864 83
1746937717127 0.80734 84
1746937722733 0.85843 85
1746937729875 0.85842 86
1746937736585 0.80836 87
1746937742934 0.85922 88
1746937748991 0.86204 89
1746937757583 0.85057 90
1746937761614 0.86059 91
1746937767795 0.84957 92
1746937774211 0.9268 93
1746937778284 0.9268 94
1746937783352 0.98297 95
1746937790205 0.99111 96
1746937797179 0.89742 97
1746937802547 0.98922 98
1746937808920 0.98908 99
1746937814468 0.9721791220444591 99
