1746937166646 0.92308 0
1746937170992 0.92308 1
1746937176225 0.92308 2
1746937181961 1.0 3
1746937187014 0.84615 4
1746937191944 0.53846 5
1746937196979 0.27296 6
1746937203688 0.38276 7
1746937207545 0.38276 8
1746937213816 0.44852 9
1746937220522 0.45823 10
1746937224499 0.45823 11
1746937231528 0.6057 12
1746937238564 0.76923 13
1746937242532 0.76923 14
1746937247293 0.60759 15
1746937252806 0.61538 16
1746937259253 0.61538 17
1746937263281 0.69231 18
1746937268632 0.61538 19
1746937274701 0.61538 20
1746937278688 0.61538 21
1746937285088 0.80011 22
1746937291739 0.76923 23
1746937295664 0.84615 24
1746937302296 0.76923 25
1746937307375 0.84615 26
1746937311323 0.84615 27
1746937316131 0.9181 28
1746937321881 0.92308 29
1746937325885 0.92308 30
1746937331695 0.92308 31
1746937338385 0.84615 32
1746937344157 0.76923 33
1746937348176 0.76923 34
1746937353789 0.76923 35
1746937359245 0.76923 36
1746937363173 0.76923 37
1746937368886 0.76923 38
1746937375532 0.84615 39
1746937379565 0.84615 40
1746937386678 0.61538 41
1746937393782 0.67981 42
1746937400124 0.83725 43
1746937407419 0.84615 44
1746937417454 0.92308 45
1746937421512 0.92308 46
1746937428452 0.84615 47
1746937435570 0.84615 48
1746937442559 0.61538 49
1746937448821 0.92308 50
1746937455476 0.53846 51
1746937462685 0.67934 52
1746937471208 0.98675 53
1746937477753 0.61538 54
1746937486242 0.61399 55
1746937492677 0.92308 56
1746937499786 0.61237 57
1746937506937 0.61145 58
1746937513713 0.91775 59
1746937520873 0.84064 60
1746937538908 0.30769 61
1746937569506 0.61095 62
1746937576714 0.61067 63
1746937584277 0.61538 64
1746937593417 0.61538 65
1746937600095 0.92308 66
1746937606704 0.59846 67
1746937613103 0.92308 68
1746937617192 0.92308 69
1746937624048 0.61538 70
1746937631173 0.61538 71
1746937637396 0.92308 72
1746937643720 0.60708 73
1746937650104 0.91636 74
1746937655571 0.99264 75
1746937662956 0.99299 76
1746937669530 0.99341 77
1746937673684 0.99341 78
1746937682408 0.9958 79
1746937689749 0.99975 80
1746937695366 1.0 81
1746937701874 1.0 82
1746937709112 1.0 83
1746937717127 0.69231 84
1746937722733 1.0 85
1746937729875 1.0 86
1746937736585 0.69231 87
1746937742934 1.0 88
1746937748991 1.0 89
1746937757583 0.92308 90
1746937761614 1.0 91
1746937767795 0.92308 92
1746937774211 0.97526 93
1746937778284 0.97526 94
1746937783352 0.92308 95
1746937790205 0.92308 96
1746937797179 0.67442 97
1746937802547 0.92308 98
1746937808920 0.84615 99
1746937814468 0.6153846153846154 99
