1746884760528 1.57526 0
1746884770036 1.18485 1
1746884776046 1.27205 2
1746884783156 1.20022 3
1746884789748 1.05058 4
1746884795889 1.13514 5
1746884804077 1.10367 6
1746884818158 1.04789 7
1746884833118 1.07577 8
1746884843678 1.05648 9
1746884855127 1.25857 10
1746884865322 1.0939 11
1746884885035 1.20863 12
1746884894972 1.34184 13
1746884908798 1.11629 14
1746884919489 0.93875 15
1746884933050 1.05305 16
1746884942426 1.00177 17
1746884953371 1.06869 18
1746884962425 1.1136 19
1746884969373 1.16374 20
1746884977152 1.2339 21
1746884984327 1.02622 22
1746884991573 1.15749 23
1746885001589 1.15615 24
1746885021853 1.07438 25
1746885054722 1.00023 26
1746885069511 0.9784 27
1746885084799 1.01538 28
1746885101158 1.06497 29
1746885124599 0.9411 30
1746885150265 1.04982 31
1746885167822 0.95062 32
1746885184633 0.99283 33
1746885195584 0.94836 34
1746885215313 0.91894 35
1746885235357 1.00256 36
1746885253604 0.93248 37
1746885273143 0.98638 38
1746885296055 0.88455 39
1746885311423 0.91651 40
1746885328550 0.79147 41
1746885342952 0.79352 42
1746885354217 0.71586 43
1746885370045 0.8833 44
1746885381657 0.8235 45
1746885396487 0.80131 46
1746885412641 0.76975 47
1746885433809 0.78255 48
1746885462968 0.75731 49
