1746884760528 4.19655 0
1746884770036 3.1943 1
1746884776046 2.44107 2
1746884783156 1.7323 3
1746884789748 1.73903 4
1746884795889 1.6334 5
1746884804077 1.76306 6
1746884818158 1.64398 7
1746884833118 1.66536 8
1746884843678 2.41594 9
1746884855127 1.69296 10
1746884865322 1.46662 11
1746884885035 1.55238 12
1746884894972 1.85458 13
1746884908798 1.68732 14
1746884919489 1.50713 15
1746884933050 1.75573 16
1746884942426 1.53093 17
1746884953371 1.6769 18
1746884962425 1.87238 19
1746884969373 1.72466 20
1746884977152 1.66677 21
1746884984327 1.48439 22
1746884991573 1.92533 23
1746885001589 1.60844 24
1746885021853 1.3563 25
1746885054722 1.56495 26
1746885069511 1.50271 27
1746885084799 1.50104 28
1746885101158 1.20315 29
1746885124599 1.33436 30
1746885150265 1.40642 31
1746885167822 1.18393 32
1746885184633 1.33707 33
1746885195584 1.28729 34
1746885215313 1.08439 35
1746885235357 1.35987 36
1746885253604 1.38911 37
1746885273143 1.30868 38
1746885296055 1.13814 39
1746885311423 1.18512 40
1746885328550 1.22794 41
1746885342952 1.18683 42
1746885354217 1.09403 43
1746885370045 1.39967 44
1746885381657 1.21442 45
1746885396487 1.15645 46
1746885412641 1.1047 47
1746885433809 1.06568 48
1746885462968 1.16215 49
