1746884760528 1.32606 0
1746884770036 1.1 1
1746884776046 1.11339 2
1746884783156 1.04018 3
1746884789748 1.03882 4
1746884795889 1.0858 5
1746884804077 1.11958 6
1746884818158 1.1024 7
1746884833118 1.05402 8
1746884843678 1.12558 9
1746884855127 1.18888 10
1746884865322 1.0683 11
1746884885035 1.11239 12
1746884894972 1.2225 13
1746884908798 1.05185 14
1746884919489 1.00078 15
1746884933050 1.01349 16
1746884942426 1.03506 17
1746884953371 1.11232 18
1746884962425 1.0762 19
1746884969373 1.12108 20
1746884977152 1.15475 21
1746884984327 1.07793 22
1746884991573 1.14074 23
1746885001589 1.18362 24
1746885021853 1.03786 25
1746885054722 1.04491 26
1746885069511 1.05687 27
1746885084799 1.07553 28
1746885101158 1.12117 29
1746885124599 1.10306 30
1746885150265 1.12733 31
1746885167822 1.03261 32
1746885184633 1.06526 33
1746885195584 1.04264 34
1746885215313 0.9927 35
1746885235357 1.09649 36
1746885253604 1.06226 37
1746885273143 1.09911 38
1746885296055 1.02443 39
1746885311423 0.97028 40
1746885328550 0.95285 41
1746885342952 0.95966 42
1746885354217 0.92084 43
1746885370045 0.96604 44
1746885381657 0.97097 45
1746885396487 0.9677 46
1746885412641 0.93784 47
1746885433809 0.96725 48
1746885462968 0.94605 49
