1746943265933 1.64206 0
1746943270692 1.27341 1
1746943274886 1.146 2
1746943278756 1.24644 3
1746943282786 1.16474 4
1746943288653 1.10675 5
1746943292435 1.10244 6
1746943296012 1.04502 7
1746943299882 1.17463 8
1746943303453 1.0176 9
1746943307466 1.07298 10
1746943311112 1.08876 11
1746943314796 0.9641 12
1746943321999 1.17744 13
1746943325994 1.04295 14
1746943329585 1.02223 15
1746943333195 1.04723 16
1746943336847 1.13072 17
1746943340484 0.98579 18
1746943348893 1.04067 19
1746943352415 0.96939 20
1746943359527 0.967 21
1746943363227 0.97574 22
1746943366806 0.98233 23
1746943370636 1.02252 24
1746943374202 0.90651 25
1746943378630 1.12985 26
1746943382598 1.02641 27
1746943386261 0.88729 28
1746943389704 0.84535 29
1746943393551 0.85837 30
1746943397086 0.95394 31
1746943401287 0.91378 32
1746943407898 0.95342 33
1746943416672 0.9067 34
1746943422515 0.94359 35
1746943434676 0.90795 36
1746943438879 0.937 37
1746943443701 0.90998 38
1746943447767 0.8574 39
1746943453722 0.7778 40
1746943457282 0.78447 41
1746943465577 0.81065 42
1746943471679 0.77735 43
1746943475253 0.73183 44
1746943483167 0.77974 45
1746943487130 0.78226 46
1746943493996 0.7516 47
1746943501342 0.73994 48
1746943505038 0.76189 49
