1746943265933 3.79231 0
1746943270692 3.54087 1
1746943274886 2.91335 2
1746943278756 2.26362 3
1746943282786 2.21196 4
1746943288653 1.61229 5
1746943292435 1.62296 6
1746943296012 1.6286 7
1746943299882 1.80937 8
1746943303453 1.47338 9
1746943307466 1.40722 10
1746943311112 1.79015 11
1746943314796 1.58878 12
1746943321999 1.71098 13
1746943325994 1.37947 14
1746943329585 1.43263 15
1746943333195 1.68419 16
1746943336847 1.58384 17
1746943340484 1.37131 18
1746943348893 1.30333 19
1746943352415 1.26691 20
1746943359527 1.22231 21
1746943363227 1.14602 22
1746943366806 1.14902 23
1746943370636 1.20941 24
1746943374202 1.19742 25
1746943378630 1.28158 26
1746943382598 1.28232 27
1746943386261 1.17881 28
1746943389704 1.2853 29
1746943393551 1.21232 30
1746943397086 1.32352 31
1746943401287 1.29014 32
1746943407898 1.21896 33
1746943416672 1.2026 34
1746943422515 1.26004 35
1746943434676 1.12978 36
1746943438879 1.19112 37
1746943443701 1.0069 38
1746943447767 1.06137 39
1746943453722 1.17964 40
1746943457282 1.15424 41
1746943465577 1.12794 42
1746943471679 1.05276 43
1746943475253 1.15886 44
1746943483167 1.1268 45
1746943487130 1.08119 46
1746943493996 1.11477 47
1746943501342 1.03177 48
1746943505038 1.04516 49
