1746943265933 1.36427 0
1746943270692 1.17937 1
1746943274886 1.11594 2
1746943278756 1.06737 3
1746943282786 1.05897 4
1746943288653 1.01736 5
1746943292435 1.05506 6
1746943296012 1.02506 7
1746943299882 1.1196 8
1746943303453 0.99974 9
1746943307466 0.99153 10
1746943311112 1.03593 11
1746943314796 1.0021 12
1746943321999 1.04976 13
1746943325994 1.01318 14
1746943329585 1.0799 15
1746943333195 1.05416 16
1746943336847 1.10345 17
1746943340484 0.98846 18
1746943348893 1.07805 19
1746943352415 1.04278 20
1746943359527 1.03649 21
1746943363227 1.00294 22
1746943366806 1.00149 23
1746943370636 1.02768 24
1746943374202 0.99528 25
1746943378630 1.01231 26
1746943382598 1.01421 27
1746943386261 0.96672 28
1746943389704 0.95337 29
1746943393551 0.99167 30
1746943397086 0.99544 31
1746943401287 1.02631 32
1746943407898 0.95608 33
1746943416672 1.01009 34
1746943422515 1.06519 35
1746943434676 0.96846 36
1746943438879 1.0102 37
1746943443701 0.97541 38
1746943447767 0.96617 39
1746943453722 0.91339 40
1746943457282 0.95314 41
1746943465577 0.96341 42
1746943471679 0.92741 43
1746943475253 0.9274 44
1746943483167 0.9706 45
1746943487130 0.90736 46
1746943493996 0.90419 47
1746943501342 0.91308 48
1746943505038 0.90514 49
