1746907174760 0.0021000000000000003 0
1746907577123 0.00421486 1
1746907920820 0.0062426 2
1746907931362 0.00818322 3
1746907941753 0.009208000000000001 4
1746907949934 0.00901 5
1746907960156 0.008812 6
1746907970154 0.008614 7
1746907981874 0.008416 8
1746907989395 0.008218000000000001 9
1746907999651 0.008020000000000001 10
1746908010715 0.007822 11
1746908019079 0.007624 12
1746908029672 0.007426 13
1746908048073 0.007228 14
1746908058682 0.00703 15
1746908086793 0.0068319999999999995 16
1746908118159 0.006633999999999999 17
1746908138481 0.006436000000000001 18
1746908185333 0.0062380000000000005 19
1746908216513 0.00604 20
1746908254697 0.005842000000000001 21
1746908292536 0.005644000000000001 22
1746908617675 0.005446000000000001 23
1746908716039 0.005248000000000001 24
1746908874663 0.00505 25
1746909307087 0.0048519999999999995 26
1746909395152 0.004654 27
1746909471746 0.004456 28
1746909559556 0.0042580000000000005 29
1746909667199 0.00406 30
1746909801142 0.003862 31
1746909940888 0.003664 32
1746910949786 0.003466 33
1746911454311 0.003268 34
1746911649548 0.0030700000000000007 35
1746912230777 0.002872 36
1746912446189 0.002674 37
1746912692454 0.002476 38
1746913245070 0.0022779999999999996 39
1746913608390 0.00208 40
1746913621366 0.0018820000000000006 41
1746913635393 0.0016840000000000006 42
1746913652593 0.0014860000000000001 43
1746913685640 0.001288 44
1746914250183 0.0010899999999999998 45
1746915246043 0.0008919999999999996 46
1746915780051 0.0006940000000000005 47
1746916685169 0.0004960000000000005 48
1746917666903 0.0002980000000000002 49
