1746938483596 0.14581 0
1746938487959 0.35912 1
1746938492905 0.25294 2
1746938497363 0.23983 3
1746938501888 0.30899 4
1746938508457 0.28727 5
1746938512820 0.30208 6
1746938517284 0.23486 7
1746938521781 0.23275 8
1746938527175 0.31825 9
1746938533736 0.36463 10
1746938542889 0.43127 11
1746938553110 0.43244 12
1746938557610 0.41662 13
1746938561317 0.41662 14
1746938567130 0.22908 15
1746938573534 0.4992 16
1746938579026 0.59641 17
1746938585238 0.59641 18
1746938590580 0.57239 19
1746938596177 0.59273 20
1746938602187 0.6367 21
1746938606158 0.6367 22
1746938612336 0.41954 23
1746938617763 0.60235 24
1746938623208 0.61568 25
1746938627022 0.61568 26
1746938633073 0.42792 27
1746938639481 0.47306 28
1746938648427 0.38048 29
1746938653882 0.66221 30
1746938657785 0.65168 31
1746938664008 0.38248 32
1746938670424 0.40027 33
1746938675724 0.65291 34
1746938684688 0.45065 35
1746938690840 0.39406 36
1746938698829 0.45024 37
1746938705185 0.66732 38
1746938711640 0.39357 39
1746938725873 0.3612 40
1746938740211 0.6531 41
1746938753143 0.72409 42
1746938767437 0.6144 43
1746938781248 0.37577 44
1746938793509 0.46555 45
1746938807004 0.6549 46
1746938821686 0.43876 47
1746938835460 0.63051 48
1746938847977 0.70131 49
1746938858517 0.70131 50
1746938873528 0.71232 51
1746938889282 0.63428 52
1746938901369 0.68135 53
1746938915540 0.68135 54
1746938923418 0.38652 55
1746938936832 0.50733 56
1746938954114 0.51848 57
1746938968820 0.74152 58
1746938988174 0.50028 59
1746939003352 0.43267 60
1746939014095 0.42778 61
1746939026685 0.69117 62
1746939043152 0.46379 63
1746939055832 0.46478 64
1746939068628 0.41641 65
1746939083907 0.68499 66
1746939094175 0.42873 67
1746939101913 0.51171 68
1746939113429 0.73789 69
1746939129814 0.73789 70
1746939141345 0.67194 71
1746939155862 0.66221 72
1746939171697 0.4236 73
1746939183767 0.72466 74
1746939196751 0.48607 75
1746939215522 0.66901 76
1746939228242 0.48755 77
1746939243211 0.72348 78
1746939258936 0.73138 79
1746939271621 0.62765 80
1746939283609 0.46187 81
1746939296153 0.68871 82
1746939310552 0.42626 83
1746939321292 0.48665 84
1746939333692 0.67233 85
1746939348223 0.74985 86
1746939364710 0.7464 87
1746939377954 0.74469 88
1746939387729 0.49447 89
1746939397565 0.73299 90
1746939412278 0.72543 91
1746939423346 0.74465 92
1746939433824 0.73711 93
1746939441483 0.73711 94
1746939451054 0.49445 95
1746939458645 0.74246 96
1746939471441 0.49958 97
1746939483054 0.75027 98
1746939493137 0.73899 99
1746939497185 0.7590122564349538 99
