1746938483596 0.25189 0
1746938487959 0.62938 1
1746938492905 0.43254 2
1746938497363 0.37915 3
1746938501888 0.4457 4
1746938508457 0.45444 5
1746938512820 0.54551 6
1746938517284 0.38548 7
1746938521781 0.37856 8
1746938527175 0.51553 9
1746938533736 0.55445 10
1746938542889 0.62787 11
1746938553110 0.67572 12
1746938557610 0.5906 13
1746938561317 0.5906 14
1746938567130 0.32952 15
1746938573534 0.6936 16
1746938579026 0.85065 17
1746938585238 0.85065 18
1746938590580 0.7758 19
1746938596177 0.86222 20
1746938602187 0.93022 21
1746938606158 0.93022 22
1746938612336 0.55347 23
1746938617763 0.83133 24
1746938623208 0.89892 25
1746938627022 0.89892 26
1746938633073 0.69651 27
1746938639481 0.68197 28
1746938648427 0.55407 29
1746938653882 0.94413 30
1746938657785 0.93418 31
1746938664008 0.55824 32
1746938670424 0.587 33
1746938675724 0.97238 34
1746938684688 0.6719 35
1746938690840 0.59282 36
1746938698829 0.67308 37
1746938705185 0.9694 38
1746938711640 0.577 39
1746938725873 0.51009 40
1746938740211 0.88536 41
1746938753143 0.95971 42
1746938767437 0.97572 43
1746938781248 0.60868 44
1746938793509 0.69651 45
1746938807004 0.995 46
1746938821686 0.61757 47
1746938835460 0.92536 48
1746938847977 0.98188 49
1746938858517 0.98188 50
1746938873528 0.97853 51
1746938889282 0.90536 52
1746938901369 0.98567 53
1746938915540 0.98567 54
1746938923418 0.60868 55
1746938936832 0.69651 56
1746938954114 0.69651 57
1746938968820 0.995 58
1746938988174 0.68851 59
1746939003352 0.60157 60
1746939014095 0.60868 61
1746939026685 0.98567 62
1746939043152 0.69651 63
1746939055832 0.69651 64
1746939068628 0.61757 65
1746939083907 0.995 66
1746939094175 0.61757 67
1746939101913 0.69651 68
1746939113429 0.995 69
1746939129814 0.995 70
1746939141345 0.92536 71
1746939155862 0.92536 72
1746939171697 0.61757 73
1746939183767 0.995 74
1746939196751 0.69651 75
1746939215522 0.92536 76
1746939228242 0.69651 77
1746939243211 0.995 78
1746939258936 0.995 79
1746939271621 0.92536 80
1746939283609 0.69651 81
1746939296153 0.995 82
1746939310552 0.61757 83
1746939321292 0.69651 84
1746939333692 0.92536 85
1746939348223 0.995 86
1746939364710 0.995 87
1746939377954 0.995 88
1746939387729 0.69651 89
1746939397565 0.995 90
1746939412278 0.995 91
1746939423346 0.995 92
1746939433824 0.995 93
1746939441483 0.995 94
1746939451054 0.69651 95
1746939458645 0.995 96
1746939471441 0.69651 97
1746939483054 0.995 98
1746939493137 0.99 99
1746939497185 0.995 99
