1746938483596 0.008 0
1746938487959 0.00733 1
1746938492905 0.01736 2
1746938497363 0.49993 3
1746938501888 0.008 4
1746938508457 0.683 5
1746938512820 0.01195 6
1746938517284 0.01341 7
1746938521781 0.48755 8
1746938527175 1.0 9
1746938533736 0.76841 10
1746938542889 0.75459 11
1746938553110 0.71595 12
1746938557610 0.62981 13
1746938561317 0.62981 14
1746938567130 0.40106 15
1746938573534 0.56131 16
1746938579026 1.0 17
1746938585238 1.0 18
1746938590580 0.77329 19
1746938596177 0.91179 20
1746938602187 0.91421 21
1746938606158 0.91421 22
1746938612336 0.77357 23
1746938617763 0.87054 24
1746938623208 1.0 25
1746938627022 1.0 26
1746938633073 1.0 27
1746938639481 0.80645 28
1746938648427 0.78861 29
1746938653882 0.85895 30
1746938657785 0.9079 31
1746938664008 0.79629 32
1746938670424 0.82071 33
1746938675724 0.93806 34
1746938684688 0.98051 35
1746938690840 0.79291 36
1746938698829 0.86164 37
1746938705185 0.90353 38
1746938711640 0.84588 39
1746938725873 0.82836 40
1746938740211 0.97563 41
1746938753143 0.97812 42
1746938767437 0.92084 43
1746938781248 0.8731 44
1746938793509 0.98996 45
1746938807004 0.99541 46
1746938821686 0.98198 47
1746938835460 1.0 48
1746938847977 0.99011 49
1746938858517 0.99011 50
1746938873528 0.98554 51
1746938889282 1.0 52
1746938901369 0.9839 53
1746938915540 0.9839 54
1746938923418 0.79574 55
1746938936832 1.0 56
1746938954114 1.0 57
1746938968820 1.0 58
1746938988174 0.87192 59
1746939003352 0.9767 60
1746939014095 0.86105 61
1746939026685 0.99205 62
1746939043152 1.0 63
1746939055832 0.99536 64
1746939068628 0.99019 65
1746939083907 0.99785 66
1746939094175 0.99077 67
1746939101913 0.99245 68
1746939113429 0.99523 69
1746939129814 0.99523 70
1746939141345 0.99459 71
1746939155862 0.99518 72
1746939171697 0.99204 73
1746939183767 0.99676 74
1746939196751 0.99358 75
1746939215522 0.9974 76
1746939228242 0.99421 77
1746939243211 0.99808 78
1746939258936 0.99854 79
1746939271621 0.99696 80
1746939283609 0.99361 81
1746939296153 0.99776 82
1746939310552 0.99101 83
1746939321292 0.99152 84
1746939333692 0.99523 85
1746939348223 0.99612 86
1746939364710 0.99603 87
1746939377954 0.99655 88
1746939387729 0.99342 89
1746939397565 0.99836 90
1746939412278 0.99886 91
1746939423346 1.0 92
1746939433824 1.0 93
1746939441483 1.0 94
1746939451054 1.0 95
1746939458645 1.0 96
1746939471441 1.0 97
1746939483054 1.0 98
1746939493137 0.91836 99
1746939497185 1.0 99
