1746938483596 0.92308 0
1746938487959 0.84615 1
1746938492905 0.92308 2
1746938497363 0.30769 3
1746938501888 0.92308 4
1746938508457 0.38462 5
1746938512820 0.68927 6
1746938517284 0.76304 7
1746938521781 0.38462 8
1746938527175 0.16623 9
1746938533736 0.53846 10
1746938542889 0.47424 11
1746938553110 0.58344 12
1746938557610 0.53846 13
1746938561317 0.53846 14
1746938567130 0.30769 15
1746938573534 0.76923 16
1746938579026 0.79297 17
1746938585238 0.79297 18
1746938590580 0.78819 19
1746938596177 0.79659 20
1746938602187 0.76923 21
1746938606158 0.76923 22
1746938612336 0.5268 23
1746938617763 0.69231 24
1746938623208 0.76135 25
1746938627022 0.76135 26
1746938633073 0.67929 27
1746938639481 0.69231 28
1746938648427 0.61538 29
1746938653882 1.0 30
1746938657785 0.92308 31
1746938664008 0.60254 32
1746938670424 0.53846 33
1746938675724 0.84615 34
1746938684688 0.61538 35
1746938690840 0.59083 36
1746938698829 0.61538 37
1746938705185 0.92308 38
1746938711640 0.53846 39
1746938725873 0.46154 40
1746938740211 0.76923 41
1746938753143 0.84615 42
1746938767437 0.92308 43
1746938781248 0.61538 44
1746938793509 0.69231 45
1746938807004 1.0 46
1746938821686 0.61538 47
1746938835460 0.91752 48
1746938847977 0.92308 49
1746938858517 0.92308 50
1746938873528 0.92308 51
1746938889282 0.84118 52
1746938901369 0.92308 53
1746938915540 0.92308 54
1746938923418 0.61538 55
1746938936832 0.68863 56
1746938954114 0.68402 57
1746938968820 0.99079 58
1746938988174 0.69231 59
1746939003352 0.53846 60
1746939014095 0.61538 61
1746939026685 0.92308 62
1746939043152 0.68088 63
1746939055832 0.69231 64
1746939068628 0.61538 65
1746939083907 1.0 66
1746939094175 0.61538 67
1746939101913 0.69231 68
1746939113429 1.0 69
1746939129814 1.0 70
1746939141345 0.92308 71
1746939155862 0.92308 72
1746939171697 0.61538 73
1746939183767 1.0 74
1746939196751 0.69231 75
1746939215522 0.92308 76
1746939228242 0.69231 77
1746939243211 1.0 78
1746939258936 1.0 79
1746939271621 0.92308 80
1746939283609 0.69231 81
1746939296153 1.0 82
1746939310552 0.61538 83
1746939321292 0.69231 84
1746939333692 0.92308 85
1746939348223 1.0 86
1746939364710 1.0 87
1746939377954 1.0 88
1746939387729 0.69231 89
1746939397565 1.0 90
1746939412278 1.0 91
1746939423346 0.99876 92
1746939433824 0.99503 93
1746939441483 0.99503 94
1746939451054 0.68406 95
1746939458645 0.96636 96
1746939471441 0.67499 97
1746939483054 0.96801 98
1746939493137 1.0 99
1746939497185 0.9704875728745501 99
