1746943792500 0.19221 0
1746943796413 0.21465 1
1746943800097 0.28192 2
1746943803904 0.30599 3
1746943807678 0.41304 4
1746943811514 0.42145 5
1746943816086 0.30229 6
1746943820972 0.27195 7
1746943825007 0.24801 8
1746943830169 0.2475 9
1746943833953 0.24639 10
1746943837438 0.2455 11
1746943840939 0.21385 12
1746943844615 0.29795 13
1746943848371 0.44973 14
1746943852063 0.39874 15
1746943855731 0.41765 16
1746943859225 0.53066 17
1746943862881 0.55782 18
1746943866391 0.54387 19
1746943869739 0.51161 20
1746943873306 0.47291 21
1746943876869 0.47683 22
1746943881263 0.58874 23
1746943885501 0.70485 24
1746943889102 0.73721 25
1746943892893 0.68411 26
1746943898756 0.61485 27
1746943902710 0.61485 28
1746943908745 0.6122 29
1746943916548 0.84769 30
1746943921153 0.78516 31
1746943924846 0.78516 32
1746943930468 0.75746 33
1746943937150 0.77538 34
1746943941389 0.88926 35
1746943945069 0.88926 36
1746943951287 0.87326 37
1746943957969 0.84529 38
1746943962020 0.81498 39
1746943973235 0.81498 40
1746943977257 0.85614 41
1746943981022 0.88403 42
1746943994641 0.8828 43
1746943998763 0.8828 44
1746944002392 0.87532 45
1746944011510 0.88365 46
1746944017203 0.8925 47
1746944024381 0.8925 48
1746944031153 0.53343 49
1746944038695 0.83077 50
1746944045211 0.59234 51
1746944056098 0.89312 52
1746944060214 0.91456 53
1746944068475 0.6271 54
1746944075022 0.63365 55
1746944078978 0.94096 56
1746944089909 0.85908 57
1746944096967 0.84148 58
1746944103363 0.51673 59
1746944110495 0.82438 60
1746944118921 0.56719 61
1746944130514 0.30965 62
1746944137557 0.89486 63
1746944141659 0.89486 64
1746944155846 0.60059 65
1746944162079 0.30965 66
1746944168933 0.53365 67
1746944176363 0.83695 68
1746944184331 0.83672 69
1746944191367 0.30965 70
1746944198694 0.62508 71
1746944202594 0.932 72
1746944212268 0.30965 73
1746944219116 0.55441 74
1746944226162 0.30965 75
1746944234101 0.56127 76
1746944244868 0.87445 77
1746944251676 0.30965 78
1746944259165 0.30965 79
1746944265609 0.65651 80
1746944276666 0.96292 81
1746944283735 0.65886 82
1746944290548 0.96292 83
1746944300166 0.96292 84
1746944310977 0.65886 85
1746944321560 0.66151 86
1746944328163 0.66794 87
1746944334913 0.97556 88
1746944346638 0.97853 89
1746944353620 0.90936 90
1746944360809 0.59575 91
1746944367154 0.67651 92
1746944373344 0.98188 93
1746944380170 0.30965 94
1746944388155 0.59575 95
1746944394822 0.67651 96
1746944403100 0.67651 97
1746944409927 0.30965 98
1746944419162 0.30965 99
1746944423298 0.9093640000000001 99
