1746943792500 0.09332 0
1746943796413 0.13448 1
1746943800097 0.19871 2
1746943803904 0.19113 3
1746943807678 0.29254 4
1746943811514 0.27581 5
1746943816086 0.217 6
1746943820972 0.20367 7
1746943825007 0.2118 8
1746943830169 0.21044 9
1746943833953 0.20476 10
1746943837438 0.19115 11
1746943840939 0.15444 12
1746943844615 0.21748 13
1746943848371 0.33694 14
1746943852063 0.30056 15
1746943855731 0.29878 16
1746943859225 0.40224 17
1746943862881 0.35762 18
1746943866391 0.36055 19
1746943869739 0.35541 20
1746943873306 0.34344 21
1746943876869 0.35413 22
1746943881263 0.40662 23
1746943885501 0.4825 24
1746943889102 0.51464 25
1746943892893 0.49512 26
1746943898756 0.44443 27
1746943902710 0.44443 28
1746943908745 0.40031 29
1746943916548 0.64806 30
1746943921153 0.56444 31
1746943924846 0.56444 32
1746943930468 0.52409 33
1746943937150 0.5129 34
1746943941389 0.62269 35
1746943945069 0.62269 36
1746943951287 0.64257 37
1746943957969 0.58548 38
1746943962020 0.5429 39
1746943973235 0.5429 40
1746943977257 0.57638 41
1746943981022 0.59205 42
1746943994641 0.6059 43
1746943998763 0.6059 44
1746944002392 0.62219 45
1746944011510 0.64282 46
1746944017203 0.63918 47
1746944024381 0.63918 48
1746944031153 0.37068 49
1746944038695 0.55334 50
1746944045211 0.45146 51
1746944056098 0.69863 52
1746944060214 0.69062 53
1746944068475 0.43576 54
1746944075022 0.39337 55
1746944078978 0.6508 56
1746944089909 0.54276 57
1746944096967 0.54668 58
1746944103363 0.35086 59
1746944110495 0.53209 60
1746944118921 0.39351 61
1746944130514 0.23368 62
1746944137557 0.68125 63
1746944141659 0.68125 64
1746944155846 0.44624 65
1746944162079 0.24785 66
1746944168933 0.40166 67
1746944176363 0.64027 68
1746944184331 0.62364 69
1746944191367 0.22706 70
1746944198694 0.46648 71
1746944202594 0.71932 72
1746944212268 0.23472 73
1746944219116 0.38991 74
1746944226162 0.23736 75
1746944234101 0.41121 76
1746944244868 0.64872 77
1746944251676 0.22736 78
1746944259165 0.21217 79
1746944265609 0.45991 80
1746944276666 0.68056 81
1746944283735 0.44384 82
1746944290548 0.69319 83
1746944300166 0.69319 84
1746944310977 0.45754 85
1746944321560 0.45018 86
1746944328163 0.46108 87
1746944334913 0.703 88
1746944346638 0.74654 89
1746944353620 0.67414 90
1746944360809 0.43834 91
1746944367154 0.50026 92
1746944373344 0.75207 93
1746944380170 0.24561 94
1746944388155 0.4286 95
1746944394822 0.49026 96
1746944403100 0.48401 97
1746944409927 0.24533 98
1746944419162 0.24533 99
1746944423298 0.6719603689141415 99
