1746943792500 0.008 0
1746943796413 0.008 1
1746943800097 0.008 2
1746943803904 0.008 3
1746943807678 0.008 4
1746943811514 0.008 5
1746943816086 0.008 6
1746943820972 0.008 7
1746943825007 0.01318 8
1746943830169 0.008 9
1746943833953 0.008 10
1746943837438 0.008 11
1746943840939 1.0 12
1746943844615 1.0 13
1746943848371 0.76003 14
1746943852063 0.91208 15
1746943855731 0.83063 16
1746943859225 1.0 17
1746943862881 1.0 18
1746943866391 0.78224 19
1746943869739 0.73945 20
1746943873306 0.71861 21
1746943876869 0.73384 22
1746943881263 0.81534 23
1746943885501 0.88438 24
1746943889102 0.88349 25
1746943892893 0.77864 26
1746943898756 0.5707 27
1746943902710 0.5707 28
1746943908745 0.63487 29
1746943916548 0.90542 30
1746943921153 0.89357 31
1746943924846 0.89357 32
1746943930468 0.90192 33
1746943937150 0.89663 34
1746943941389 0.91186 35
1746943945069 0.91186 36
1746943951287 0.82332 37
1746943957969 0.79184 38
1746943962020 0.80773 39
1746943973235 0.80773 40
1746943977257 0.85993 41
1746943981022 0.99118 42
1746943994641 1.0 43
1746943998763 1.0 44
1746944002392 0.98163 45
1746944011510 0.98599 46
1746944017203 1.0 47
1746944024381 1.0 48
1746944031153 0.86159 49
1746944038695 0.89941 50
1746944045211 0.85688 51
1746944056098 0.82265 52
1746944060214 1.0 53
1746944068475 1.0 54
1746944075022 0.9627 55
1746944078978 0.97596 56
1746944089909 1.0 57
1746944096967 0.98893 58
1746944103363 0.98902 59
1746944110495 1.0 60
1746944118921 0.9846 61
1746944130514 0.97077 62
1746944137557 0.99892 63
1746944141659 0.99892 64
1746944155846 0.98286 65
1746944162079 0.97375 66
1746944168933 0.97764 67
1746944176363 0.98212 68
1746944184331 0.9812 69
1746944191367 0.97405 70
1746944198694 0.97638 71
1746944202594 0.98827 72
1746944212268 0.97452 73
1746944219116 0.98328 74
1746944226162 0.97739 75
1746944234101 0.98618 76
1746944244868 0.99103 77
1746944251676 0.97982 78
1746944259165 0.98099 79
1746944265609 0.9882 80
1746944276666 0.9909 81
1746944283735 0.98364 82
1746944290548 0.98742 83
1746944300166 0.98742 84
1746944310977 0.98329 85
1746944321560 0.99125 86
1746944328163 1.0 87
1746944334913 1.0 88
1746944346638 1.0 89
1746944353620 0.99142 90
1746944360809 0.98426 91
1746944367154 0.98061 92
1746944373344 0.98968 93
1746944380170 0.98227 94
1746944388155 0.97587 95
1746944394822 0.97968 96
1746944403100 0.97429 97
1746944409927 0.98321 98
1746944419162 0.98348 99
1746944423298 0.9878387013997103 99
