1746943792500 0.92308 0
1746943796413 0.92308 1
1746943800097 0.92308 2
1746943803904 0.92308 3
1746943807678 0.92308 4
1746943811514 0.92308 5
1746943816086 0.92308 6
1746943820972 0.92308 7
1746943825007 0.92308 8
1746943830169 0.92308 9
1746943833953 0.92308 10
1746943837438 0.92308 11
1746943840939 0.12883 12
1746943844615 0.1347 13
1746943848371 0.24619 14
1746943852063 0.23077 15
1746943855731 0.23077 16
1746943859225 0.29156 17
1746943862881 0.43288 18
1746943866391 0.38462 19
1746943869739 0.43882 20
1746943873306 0.39393 21
1746943876869 0.42673 22
1746943881263 0.46154 23
1746943885501 0.59044 24
1746943889102 0.53846 25
1746943892893 0.54144 26
1746943898756 0.53846 27
1746943902710 0.53846 28
1746943908745 0.53531 29
1746943916548 0.76923 30
1746943921153 0.61538 31
1746943924846 0.61538 32
1746943930468 0.70851 33
1746943937150 0.66899 34
1746943941389 0.79731 35
1746943945069 0.79731 36
1746943951287 0.71841 37
1746943957969 0.69231 38
1746943962020 0.64807 39
1746943973235 0.64807 40
1746943977257 0.76923 41
1746943981022 0.76923 42
1746943994641 0.74612 43
1746943998763 0.74612 44
1746944002392 0.76923 45
1746944011510 0.84615 46
1746944017203 0.75749 47
1746944024381 0.75749 48
1746944031153 0.53846 49
1746944038695 0.84615 50
1746944045211 0.61538 51
1746944056098 0.92308 52
1746944060214 0.82281 53
1746944068475 0.59566 54
1746944075022 0.61538 55
1746944078978 0.92308 56
1746944089909 0.83497 57
1746944096967 0.76923 58
1746944103363 0.46154 59
1746944110495 0.76448 60
1746944118921 0.53846 61
1746944130514 0.30769 62
1746944137557 0.84615 63
1746944141659 0.84615 64
1746944155846 0.53846 65
1746944162079 0.30769 66
1746944168933 0.46154 67
1746944176363 0.76923 68
1746944184331 0.76923 69
1746944191367 0.30769 70
1746944198694 0.61538 71
1746944202594 0.92308 72
1746944212268 0.30769 73
1746944219116 0.53846 74
1746944226162 0.30769 75
1746944234101 0.53846 76
1746944244868 0.84615 77
1746944251676 0.30769 78
1746944259165 0.30769 79
1746944265609 0.61538 80
1746944276666 0.92308 81
1746944283735 0.61538 82
1746944290548 0.92308 83
1746944300166 0.92308 84
1746944310977 0.61538 85
1746944321560 0.61538 86
1746944328163 0.61505 87
1746944334913 0.91928 88
1746944346638 0.92197 89
1746944353620 0.84615 90
1746944360809 0.53846 91
1746944367154 0.61538 92
1746944373344 0.92308 93
1746944380170 0.30769 94
1746944388155 0.53846 95
1746944394822 0.61538 96
1746944403100 0.61538 97
1746944409927 0.30769 98
1746944419162 0.30769 99
1746944423298 0.8461538461538461 99
