1746897931527 0.0955 0
1746897935370 0.09006370000000001 1
1746897944611 0.0845878 2
1746897948241 0.0790723 3
1746897955421 0.0735172 4
1746897968266 0.0679225 5
1746897974956 0.0622882 6
1746897993517 0.056614300000000006 7
1746898011249 0.05090080000000001 8
1746898029032 0.0451477 9
1746898037153 0.039354999999999994 10
1746898062870 0.0335227 11
1746898070542 0.0276508 12
1746898091125 0.021739299999999996 13
1746898212129 0.015788199999999995 14
1746898220247 0.009797500000000002 15
1746898253087 0.00472 16
1746898278810 0.00439 17
1746898286952 0.00406 18
1746898290467 0.0037300000000000007 19
1746898321953 0.0034000000000000002 20
1746898356878 0.0030700000000000007 21
1746898393765 0.0027400000000000007 22
1746898397247 0.00241 23
1746898421572 0.00208 24
1746898457800 0.0017499999999999996 25
1746898486285 0.0014199999999999998 26
1746898493269 0.0010899999999999998 27
1746898532212 0.0007599999999999998 28
1746898572478 0.00043 29
