1746901811951 0.08039 0
1746901824068 0.00186 1
1746901833132 0.07826 2
1746901845903 0.01169 3
1746901862625 0.01186 4
1746901888959 0.00101 5
1746901945549 0.0011 6
1746902021052 0.00227 7
1746902092992 0.0034 8
1746902412975 0.00408 9
1746902866190 0.0 10
1746902878832 0.00136 11
1746903592268 0.00617 12
1746903701422 0.0 13
1746903996329 0.0 14
1746904396404 0.01075 15
1746904742351 0.09246 16
1746904780222 0.05229 17
1746904827158 0.00869 18
1746904937814 0.01094 19
1746905150625 0.02073 20
1746905261867 0.0152 21
1746905377980 0.10913 22
1746905491363 0.0901 23
1746905538963 0.09868 24
1746905668793 0.11497 25
1746906226865 0.10874 26
1746906310833 0.16407 27
1746906809664 0.12234 28
1746907058129 0.17931 29
1746907138005 0.2595693357140808 29
