1746901811951 0.02164 0
1746901824068 0.00107 1
1746901833132 0.03313 2
1746901845903 0.0031 3
1746901862625 0.00276 4
1746901888959 0.0006 5
1746901945549 0.00076 6
1746902021052 0.00148 7
1746902092992 0.00123 8
1746902412975 0.00188 9
1746902866190 0.0 10
1746902878832 0.00061 11
1746903592268 0.0031 12
1746903701422 0.0 13
1746903996329 0.0 14
1746904396404 0.00642 15
1746904742351 0.0486 16
1746904780222 0.02381 17
1746904827158 0.00544 18
1746904937814 0.00477 19
1746905150625 0.00866 20
1746905261867 0.0076 21
1746905377980 0.04166 22
1746905491363 0.05101 23
1746905538963 0.05173 24
1746905668793 0.05648 25
1746906226865 0.06633 26
1746906310833 0.09539 27
1746906809664 0.07505 28
1746907058129 0.10351 29
1746907138005 0.14890773312804606 29
