1746901811951 0.00875 0
1746901824068 0.0022 1
1746901833132 0.75681 2
1746901845903 0.05442 3
1746901862625 0.05593 4
1746901888959 0.00236 5
1746901945549 0.00423 6
1746902021052 0.00333 7
1746902092992 0.00444 8
1746902412975 0.00755 9
1746902866190 0.0 10
1746902878832 0.00222 11
1746903592268 0.01164 12
1746903701422 0.0 13
1746903996329 0.0 14
1746904396404 0.01376 15
1746904742351 0.04392 16
1746904780222 0.03623 17
1746904827158 0.0157 18
1746904937814 0.0159 19
1746905150625 0.02286 20
1746905261867 0.04952 21
1746905377980 0.88333 22
1746905491363 0.21702 23
1746905538963 0.20251 24
1746905668793 0.16001 25
1746906226865 0.20255 26
1746906310833 0.26304 27
1746906809664 0.21557 28
1746907058129 0.24743 29
1746907138005 0.31975449743054907 29
