1746901811951 0.30769 0
1746901824068 0.07692 1
1746901833132 0.07692 2
1746901845903 0.07692 3
1746901862625 0.07692 4
1746901888959 0.07692 5
1746901945549 0.07692 6
1746902021052 0.15385 7
1746902092992 0.30769 8
1746902412975 0.23077 9
1746902866190 0.0 10
1746902878832 0.15385 11
1746903592268 0.30769 12
1746903701422 0.0 13
1746903996329 0.0 14
1746904396404 0.30769 15
1746904742351 0.38462 16
1746904780222 0.84615 17
1746904827158 0.38462 18
1746904937814 0.38462 19
1746905150625 0.61538 20
1746905261867 0.07692 21
1746905377980 0.07692 22
1746905491363 0.15385 23
1746905538963 0.15385 24
1746905668793 0.23077 25
1746906226865 0.23077 26
1746906310833 0.30769 27
1746906809664 0.23077 28
1746907058129 0.30769 29
1746907138005 0.3076923076923077 29
