1746956231096 0.49188 0
1746956239435 0.5202 1
1746956248144 0.4277 2
1746956257774 0.45324 3
1746956269172 0.36843 4
1746956278837 0.59592 5
1746956287999 0.57603 6
1746956297162 0.59331 7
1746956306913 0.48337 8
1746956315795 0.18584 9
1746956327422 0.23842 10
1746956338274 0.33183 11
1746956350301 0.33879 12
1746956360249 0.38704 13
1746956366915 0.38704 14
1746956378182 0.02952 15
1746956389478 0.38159 16
1746956402911 0.2774 17
1746956409369 0.2774 18
1746956420153 0.28631 19
1746956430997 0.60354 20
1746956441309 0.62104 21
1746956448049 0.62104 22
1746956459320 0.7119 23
1746956468638 0.66438 24
1746956479236 0.53823 25
1746956487151 0.60331 26
1746956498498 0.54701 27
1746956509227 0.64238 28
1746956522339 0.71575 29
1746956529149 0.71575 30
1746956540059 0.72031 31
1746956550614 0.70391 32
1746956559933 0.70904 33
1746956566945 0.70904 34
1746956576755 0.67277 35
1746956585853 0.67923 36
1746956594834 0.71235 37
1746956601541 0.71235 38
1746956612473 0.72503 39
1746956624458 0.70696 40
1746956636491 0.68879 41
1746956646177 0.68879 42
1746956657397 0.68539 43
1746956668860 0.69412 44
1746956680109 0.68996 45
1746956689159 0.68996 46
1746956701240 0.7018 47
1746956711629 0.70353 48
1746956722240 0.71997 49
1746956726378 0.7203089286336269 49
