1746956231096 0.86539 0
1746956239435 0.94038 1
1746956248144 0.70403 2
1746956257774 0.84686 3
1746956269172 0.59496 4
1746956278837 0.84536 5
1746956287999 0.82704 6
1746956297162 0.84829 7
1746956306913 0.79816 8
1746956315795 0.44094 9
1746956327422 0.51129 10
1746956338274 0.52048 11
1746956350301 0.5811 12
1746956360249 0.65203 13
1746956366915 0.65203 14
1746956378182 0.05095 15
1746956389478 0.80459 16
1746956402911 0.51466 17
1746956409369 0.51466 18
1746956420153 0.60939 19
1746956430997 0.98429 20
1746956441309 0.93436 21
1746956448049 0.93436 22
1746956459320 0.975 23
1746956468638 0.95533 24
1746956479236 0.85403 25
1746956487151 0.92994 26
1746956498498 0.8863 27
1746956509227 0.95567 28
1746956522339 0.97572 29
1746956529149 0.97572 30
1746956540059 0.98188 31
1746956550614 0.99 32
1746956559933 0.96457 33
1746956566945 0.96457 34
1746956576755 0.93992 35
1746956585853 0.92598 36
1746956594834 0.92615 37
1746956601541 0.92615 38
1746956612473 0.92616 39
1746956624458 0.92004 40
1746956636491 0.92018 41
1746956646177 0.92018 42
1746956657397 0.92659 43
1746956668860 0.92691 44
1746956680109 0.92732 45
1746956689159 0.92732 46
1746956701240 0.92174 47
1746956711629 0.9224 48
1746956722240 0.92912 49
1746956726378 0.981875 49
