1746956231096 0.84607 0
1746956239435 1.0 1
1746956248144 0.54228 2
1746956257774 0.82411 3
1746956269172 0.78934 4
1746956278837 0.97225 5
1746956287999 0.82806 6
1746956297162 0.96562 7
1746956306913 0.84139 8
1746956315795 0.62954 9
1746956327422 0.93791 10
1746956338274 0.51179 11
1746956350301 0.81437 12
1746956360249 0.88805 13
1746956366915 0.88805 14
1746956378182 0.0561 15
1746956389478 0.89693 16
1746956402911 0.98497 17
1746956409369 0.98497 18
1746956420153 0.86191 19
1746956430997 0.92286 20
1746956441309 1.0 21
1746956448049 1.0 22
1746956459320 0.97812 23
1746956468638 0.98507 24
1746956479236 0.90598 25
1746956487151 0.91473 26
1746956498498 0.90903 27
1746956509227 0.86444 28
1746956522339 0.92059 29
1746956529149 0.92059 30
1746956540059 0.98404 31
1746956550614 0.99211 32
1746956559933 0.99423 33
1746956566945 0.99423 34
1746956576755 0.99267 35
1746956585853 0.9854 36
1746956594834 0.99519 37
1746956601541 0.99519 38
1746956612473 1.0 39
1746956624458 0.98688 40
1746956636491 0.91316 41
1746956646177 0.91316 42
1746956657397 1.0 43
1746956668860 1.0 44
1746956680109 1.0 45
1746956689159 1.0 46
1746956701240 0.91463 47
1746956711629 0.92086 48
1746956722240 1.0 49
1746956726378 0.9843546851656924 49
