1746956231096 0.84615 0
1746956239435 0.84504 1
1746956248144 0.84615 2
1746956257774 0.69231 3
1746956269172 0.61538 4
1746956278837 0.76923 5
1746956287999 0.84615 6
1746956297162 0.84615 7
1746956306913 0.84615 8
1746956315795 0.46154 9
1746956327422 0.46154 10
1746956338274 0.61538 11
1746956350301 0.6762 12
1746956360249 0.61075 13
1746956366915 0.61075 14
1746956378182 0.61538 15
1746956389478 0.67102 16
1746956402911 0.38462 17
1746956409369 0.38462 18
1746956420153 0.48206 19
1746956430997 1.0 20
1746956441309 0.83716 21
1746956448049 0.83716 22
1746956459320 0.84615 23
1746956468638 0.92308 24
1746956479236 0.84615 25
1746956487151 0.92308 26
1746956498498 0.84615 27
1746956509227 0.98198 28
1746956522339 0.92308 29
1746956529149 0.92308 30
1746956540059 0.92308 31
1746956550614 0.92308 32
1746956559933 0.92308 33
1746956566945 0.92308 34
1746956576755 0.92308 35
1746956585853 0.92308 36
1746956594834 0.92308 37
1746956601541 0.92308 38
1746956612473 0.91503 39
1746956624458 0.84615 40
1746956636491 0.92308 41
1746956646177 0.92308 42
1746956657397 0.91627 43
1746956668860 0.92044 44
1746956680109 0.91909 45
1746956689159 0.91909 46
1746956701240 0.92308 47
1746956711629 0.92308 48
1746956722240 0.91712 49
1746956726378 0.9230769230769231 49
