1746888133646 0.0021000000000000003 0
1746888146357 0.0041581 1
1746888156329 0.006071000000000001 2
1746888165200 0.0078387 3
1746888174755 0.00868 4
1746888184733 0.008350000000000002 5
1746888195375 0.008020000000000001 6
1746888205731 0.007689999999999999 7
1746888215719 0.007360000000000001 8
1746888225561 0.00703 9
1746888238177 0.0067 10
1746888248883 0.006370000000000001 11
1746888260921 0.00604 12
1746888272113 0.00571 13
1746888290780 0.00538 14
1746888306907 0.00505 15
1746888339636 0.00472 16
1746888367513 0.00439 17
1746888387581 0.00406 18
1746888407767 0.0037300000000000007 19
1746888423785 0.0034000000000000002 20
1746888440193 0.0030700000000000007 21
1746888455685 0.0027400000000000007 22
1746888479297 0.00241 23
1746888495740 0.00208 24
1746888512080 0.0017499999999999996 25
1746888533015 0.0014199999999999998 26
1746888549125 0.0010899999999999998 27
1746888567905 0.0007599999999999998 28
1746888590109 0.00043 29
