1746927684871 1.47598 0
1746928238420 2.05745 1
1746928939398 2.32266 2
1746929344406 2.18805 3
1746929790149 2.41058 4
1746929811817 2.30477 5
1746929836553 2.52644 6
1746929893281 2.40085 7
1746929951828 2.42611 8
1746929987899 2.05538 9
1746930028383 2.17684 10
1746930080249 2.45537 11
1746930089585 2.33489 12
1746930232141 2.09932 13
1746930449642 2.13937 14
1746930939858 2.07086 15
1746931714510 2.08582 16
1746931948235 1.9169 17
1746932123906 2.00944 18
1746932300311 2.33686 19
1746932355149 2.28582 20
1746932422380 1.57528 21
