1746927684871 3.09555 0
1746928238420 3.58385 1
1746928939398 3.27498 2
1746929344406 2.94072 3
1746929790149 4.02468 4
1746929811817 3.76945 5
1746929836553 3.72869 6
1746929893281 3.67718 7
1746929951828 3.21053 8
1746929987899 3.06703 9
1746930028383 2.93699 10
1746930080249 2.89098 11
1746930089585 2.75106 12
1746930232141 2.78151 13
1746930449642 2.54736 14
1746930939858 2.60393 15
1746931714510 2.66684 16
1746931948235 2.50901 17
1746932123906 2.44854 18
1746932300311 2.59804 19
1746932355149 2.41681 20
1746932422380 2.17016 21
