1746927684871 1.25959 0
1746928238420 1.88808 1
1746928939398 2.07896 2
1746929344406 1.95915 3
1746929790149 2.06961 4
1746929811817 1.92656 5
1746929836553 2.38714 6
1746929893281 2.1639 7
1746929951828 2.1001 8
1746929987899 1.83036 9
1746930028383 1.96721 10
1746930080249 2.18263 11
1746930089585 2.14573 12
1746930232141 2.06734 13
1746930449642 2.01361 14
1746930939858 1.86989 15
1746931714510 1.79648 16
1746931948235 1.83182 17
1746932123906 1.89705 18
1746932300311 2.19773 19
1746932355149 2.2091 20
1746932422380 1.46042 21
