1746901620899 1.48363 0
1746901816633 1.97699 1
1746901828770 2.37833 2
1746901837703 2.37389 3
1746901850242 2.47465 4
1746901867126 2.55669 5
1746901893407 2.63163 6
1746901950019 2.50403 7
1746902026239 2.39618 8
1746902097379 1.94042 9
1746902417414 2.04501 10
1746902870659 2.46395 11
1746902883361 2.17437 12
1746903596560 2.21265 13
1746903705955 2.10358 14
1746904000739 1.98681 15
1746904401033 1.99337 16
1746904746902 1.96872 17
1746904784407 1.83183 18
1746904839431 2.21098 19
1746904942023 1.4984 20
1746905154872 1.50464 21
1746905266077 1.42363 22
1746905382304 1.64008 23
1746905495766 1.47648 24
1746905543152 1.51521 25
1746905673056 1.63731 26
1746906231068 1.38367 27
1746906315262 1.59165 28
1746906814005 1.5792 29
