1746901620899 3.06423 0
1746901816633 3.54396 1
1746901828770 3.33473 2
1746901837703 2.88817 3
1746901850242 3.53483 4
1746901867126 3.60858 5
1746901893407 3.56642 6
1746901950019 3.49817 7
1746902026239 3.01471 8
1746902097379 2.73627 9
1746902417414 2.437 10
1746902870659 2.68495 11
1746902883361 2.51084 12
1746903596560 2.50983 13
1746903705955 2.4474 14
1746904000739 2.35516 15
1746904401033 2.31 16
1746904746902 2.16235 17
1746904784407 2.25584 18
1746904839431 2.41115 19
1746904942023 1.9753 20
1746905154872 1.89442 21
1746905266077 1.85022 22
1746905382304 1.82877 23
1746905495766 1.73476 24
1746905543152 1.59544 25
1746905673056 1.7151 26
1746906231068 1.62745 27
1746906315262 1.633 28
1746906814005 1.67604 29
