1746901620899 1.26029 0
1746901816633 1.80707 1
1746901828770 2.11881 2
1746901837703 2.08958 3
1746901850242 2.26883 4
1746901867126 2.08234 5
1746901893407 2.48591 6
1746901950019 2.31218 7
1746902026239 2.13709 8
1746902097379 1.76851 9
1746902417414 1.87081 10
1746902870659 2.08409 11
1746902883361 1.97813 12
1746903596560 2.0584 13
1746903705955 1.95007 14
1746904000739 1.80699 15
1746904401033 1.75181 16
1746904746902 1.91024 17
1746904784407 1.78656 18
1746904839431 2.09578 19
1746904942023 1.6107 20
1746905154872 1.58037 21
1746905266077 1.56469 22
1746905382304 1.70358 23
1746905495766 1.64783 24
1746905543152 1.62005 25
1746905673056 1.63127 26
1746906231068 1.51764 27
1746906315262 1.60539 28
1746906814005 1.63813 29
