1746933732670 0.0002 0
1746933736928 0.00041584200000000003 1
1746933741521 0.000627328 2
1746933746959 0.000834458 3
1746933754658 0.001037232 4
1746933759940 0.0012356500000000002 5
1746933765992 0.0014297119999999999 6
1746933772811 0.001619418 7
1746933779239 0.0018047680000000002 8
1746933783243 0.0018218000000000002 9
1746933791176 0.001802 10
1746933797657 0.0017822 11
1746933803395 0.0017624 12
1746933809094 0.0017426 13
1746933815199 0.0017228 14
1746933820042 0.001703 15
1746933826197 0.0016832000000000001 16
1746933832976 0.0016634 17
1746933839117 0.0016436000000000003 18
1746933844113 0.0016238000000000001 19
1746933850210 0.0016040000000000002 20
1746933856622 0.0015842 21
1746933863749 0.0015644 22
1746933870938 0.0015446 23
1746933878432 0.0015248 24
1746933885065 0.0015049999999999998 25
1746933892156 0.0014852 26
1746933898167 0.0014654000000000002 27
1746933902913 0.0014456 28
1746933910593 0.0014258 29
1746933917989 0.001406 30
1746933922031 0.0013862 31
1746933928401 0.0013663999999999998 32
1746933934872 0.0013465999999999999 33
1746933942125 0.0013267999999999997 34
1746933949550 0.001307 35
1746933955230 0.0012872 36
1746933961456 0.0012674000000000001 37
1746933966586 0.0012476 38
1746933974325 0.0012278 39
1746933985997 0.001208 40
1746933997125 0.0011882000000000002 41
1746934010849 0.0011684000000000002 42
1746934021894 0.0011486 43
1746934030495 0.0011288000000000001 44
1746934046694 0.001109 45
1746934057776 0.0010892000000000002 46
1746934067743 0.0010694 47
1746934077408 0.0010496000000000001 48
1746934088979 0.0010298 49
1746934099879 0.00101 50
1746934109488 0.0009901999999999999 51
1746934120429 0.0009704 52
1746934133141 0.0009506 53
1746934142829 0.0009308 54
1746934157897 0.0009109999999999999 55
1746934170545 0.0008911999999999999 56
1746934180815 0.0008714 57
1746934191727 0.0008516000000000001 58
1746934203728 0.0008318000000000002 59
1746934212847 0.0008120000000000001 60
1746934222376 0.0007922000000000001 61
1746934233412 0.0007724 62
1746934241447 0.0007526000000000001 63
1746934254700 0.0007328 64
1746934269161 0.000713 65
1746934278411 0.0006931999999999999 66
1746934289521 0.0006733999999999999 67
1746934300010 0.0006536 68
1746934311462 0.0006338000000000001 69
1746934319231 0.0006140000000000001 70
1746934329627 0.0005942 71
1746934339813 0.0005744000000000001 72
1746934348049 0.0005546000000000001 73
1746934357821 0.0005348000000000001 74
1746934369356 0.000515 75
1746934378591 0.0004952 76
1746934390917 0.0004754 77
1746934400550 0.00045559999999999996 78
1746934409860 0.00043579999999999997 79
1746934420225 0.0004159999999999999 80
1746934428372 0.00039619999999999987 81
1746934441074 0.00037640000000000015 82
1746934448132 0.0003566000000000001 83
1746934460186 0.0003368000000000001 84
1746934469622 0.00031700000000000006 85
1746934476943 0.0002972 86
1746934487993 0.0002774 87
1746934497944 0.00025760000000000003 88
1746934505736 0.00023779999999999995 89
1746934515544 0.00021799999999999996 90
1746934527207 0.00019819999999999994 91
1746934532984 0.00017839999999999992 92
1746934541429 0.00015859999999999987 93
1746934551280 0.0001388000000000001 94
1746934557941 0.0001190000000000001 95
1746934567276 9.920000000000008e-05 96
1746934577508 7.940000000000006e-05 97
1746934588726 5.9600000000000046e-05 98
1746934596059 3.980000000000002e-05 99
