1746892277903 0.07907 0
1746892356371 0.08644 1
1746892473567 0.00864 2
1746892630603 0.14912 3
1746892689792 0.30013 4
1746892745149 0.37508 5
1746892830225 0.46347 6
1746892922094 0.57065 7
1746892997432 0.59531 8
1746893025969 0.18973 9
1746893091543 0.4288 10
1746893235877 0.71044 11
1746893332003 0.39214 12
1746893388240 0.20093 13
1746893447761 0.36771 14
1746893494182 0.21631 15
1746893540520 0.22682 16
1746893595187 0.20294 17
1746893635271 0.33632 18
1746893706618 0.22082 19
1746893771327 0.39247 20
1746893818063 0.46876 21
1746893867857 0.67566 22
1746893903441 0.25642 23
1746893950045 0.41009 24
1746894005710 0.24832 25
1746894054682 0.41678 26
1746894103367 0.48329 27
1746894164991 0.41734 28
1746894214984 0.64883 29
1746894230774 0.43183660403864244 29
