1746892277903 0.1648 0
1746892356371 0.18138 1
1746892473567 0.01724 2
1746892630603 0.26062 3
1746892689792 0.48368 4
1746892745149 0.58884 5
1746892830225 0.89019 6
1746892922094 0.94449 7
1746892997432 0.92106 8
1746893025969 0.26765 9
1746893091543 0.60157 10
1746893235877 0.995 11
1746893332003 0.61757 12
1746893388240 0.30965 13
1746893447761 0.57125 14
1746893494182 0.30965 15
1746893540520 0.30965 16
1746893595187 0.30965 17
1746893635271 0.53773 18
1746893706618 0.30965 19
1746893771327 0.53773 20
1746893818063 0.61671 21
1746893867857 0.92529 22
1746893903441 0.30965 23
1746893950045 0.53874 24
1746894005710 0.30965 25
1746894054682 0.53899 26
1746894103367 0.61832 27
1746894164991 0.54299 28
1746894214984 0.85679 29
1746894230774 0.6175688 29
