1746892277903 0.008 0
1746892356371 0.008 1
1746892473567 0.00889 2
1746892630603 0.00867 3
1746892689792 0.008 4
1746892745149 0.00867 5
1746892830225 0.00867 6
1746892922094 1.0 7
1746892997432 1.0 8
1746893025969 0.01333 9
1746893091543 0.01333 10
1746893235877 1.0 11
1746893332003 1.0 12
1746893388240 1.0 13
1746893447761 1.0 14
1746893494182 1.0 15
1746893540520 1.0 16
1746893595187 1.0 17
1746893635271 0.99787 18
1746893706618 0.82509 19
1746893771327 0.91905 20
1746893818063 1.0 21
1746893867857 1.0 22
1746893903441 1.0 23
1746893950045 0.9333 24
1746894005710 0.91585 25
1746894054682 0.94849 26
1746894103367 0.97162 27
1746894164991 0.97893 28
1746894214984 0.9936 29
1746894230774 1.0 29
