1746892277903 0.92308 0
1746892356371 0.92308 1
1746892473567 0.61538 2
1746892630603 1.0 3
1746892689792 0.92308 4
1746892745149 1.0 5
1746892830225 1.0 6
1746892922094 0.57557 7
1746892997432 0.41138 8
1746893025969 0.30769 9
1746893091543 0.61538 10
1746893235877 0.52362 11
1746893332003 0.38218 12
1746893388240 0.14786 13
1746893447761 0.32001 14
1746893494182 0.2232 15
1746893540520 0.25596 16
1746893595187 0.30503 17
1746893635271 0.53846 18
1746893706618 0.30769 19
1746893771327 0.53846 20
1746893818063 0.59529 21
1746893867857 0.84261 22
1746893903441 0.27638 23
1746893950045 0.53846 24
1746894005710 0.30769 25
1746894054682 0.53846 26
1746894103367 0.61538 27
1746894164991 0.53846 28
1746894214984 0.84615 29
1746894230774 0.3405625175470864 29
