1746939826557 1.57525 0
1746939830361 1.18504 1
1746939834032 1.27301 2
1746939838579 1.20173 3
1746939842998 1.0523 4
1746939847498 1.12166 5
1746939851947 1.10222 6
1746939855527 1.15259 7
1746939859018 1.10385 8
1746939862552 1.17838 9
1746939866610 1.34863 10
1746939870405 1.19637 11
1746939875781 1.1502 12
1746939880285 1.3324 13
1746939885695 1.16081 14
1746939889159 0.93453 15
1746939894683 1.05829 16
1746939899103 1.02952 17
1746939902497 1.09864 18
1746939906312 1.08244 19
1746939911935 1.24499 20
1746939915579 1.26992 21
1746939919264 1.07942 22
1746939922907 1.19797 23
1746939926488 1.2317 24
1746939932571 1.1608 25
1746939938822 1.16048 26
1746939945310 1.03397 27
1746939951972 0.93499 28
1746939958192 1.08483 29
1746939964137 0.99869 30
1746939980383 1.09405 31
1746939993684 0.97175 32
1746940000618 1.06708 33
1746940007463 1.0866 34
1746940015723 1.04381 35
1746940021873 1.10659 36
1746940028459 1.11624 37
1746940034692 0.99724 38
1746940040021 0.925 39
1746940047243 1.178 40
1746940053754 1.0379 41
1746940060037 0.99285 42
1746940065825 1.02791 43
1746940071575 0.91211 44
1746940078038 1.11052 45
1746940084421 0.90765 46
1746940088120 1.02694 47
1746940094631 0.78713 48
1746940100851 1.00596 49
1746940109566 0.80584 50
1746940116160 0.88204 51
1746940122258 0.86136 52
1746940128530 0.85015 53
1746940135147 0.87443 54
1746940141411 0.92399 55
1746940147829 0.9779 56
1746940157693 0.94296 57
1746940164029 0.86791 58
1746940173010 0.85304 59
1746940179348 0.76461 60
1746940186689 0.77451 61
1746940193038 0.83504 62
1746940196847 0.84852 63
1746940205598 0.88833 64
1746940216176 0.90731 65
1746940223592 0.81369 66
1746940227380 0.85379 67
1746940233273 0.86685 68
1746940242792 0.83457 69
1746940248494 0.91878 70
1746940256761 0.92787 71
1746940263064 0.81366 72
1746940270466 0.76861 73
1746940276637 0.72732 74
1746940283300 0.82739 75
1746940290024 0.79835 76
1746940298016 0.79871 77
1746940304201 0.87182 78
1746940309462 0.78125 79
1746940316148 0.85224 80
1746940321774 0.77938 81
1746940328101 0.74093 82
1746940334318 0.69505 83
1746940340580 0.73429 84
1746940346251 0.78561 85
1746940352988 0.74441 86
1746940357661 0.7946 87
1746940366707 0.88759 88
1746940375408 0.8051 89
1746940381724 0.64836 90
1746940386796 0.65803 91
1746940392334 0.6952 92
1746940398431 0.6755 93
1746940405110 0.68905 94
1746940409030 0.69291 95
1746940415236 0.71067 96
1746940421471 0.60387 97
1746940427625 0.6177 98
1746940432882 0.64932 99
