1746939826557 4.19656 0
1746939830361 3.19317 1
1746939834032 2.43232 2
1746939838579 1.73045 3
1746939842998 1.73504 4
1746939847498 1.62653 5
1746939851947 1.74986 6
1746939855527 1.76402 7
1746939859018 1.81118 8
1746939862552 2.25173 9
1746939866610 1.81582 10
1746939870405 1.5463 11
1746939875781 1.60501 12
1746939880285 2.00238 13
1746939885695 1.67626 14
1746939889159 1.48578 15
1746939894683 1.81762 16
1746939899103 1.58339 17
1746939902497 1.72868 18
1746939906312 1.83723 19
1746939911935 1.63455 20
1746939915579 1.59554 21
1746939919264 1.49655 22
1746939922907 1.95421 23
1746939926488 1.74749 24
1746939932571 1.33643 25
1746939938822 1.47442 26
1746939945310 1.41679 27
1746939951972 1.50035 28
1746939958192 1.27921 29
1746939964137 1.2903 30
1746939980383 1.35488 31
1746939993684 1.1817 32
1746940000618 1.39844 33
1746940007463 1.25986 34
1746940015723 1.1206 35
1746940021873 1.34738 36
1746940028459 1.3759 37
1746940034692 1.36059 38
1746940040021 1.15744 39
1746940047243 1.22233 40
1746940053754 1.16954 41
1746940060037 1.04191 42
1746940065825 1.41879 43
1746940071575 1.04724 44
1746940078038 1.1646 45
1746940084421 1.10514 46
1746940088120 1.19945 47
1746940094631 0.9485 48
1746940100851 1.03985 49
1746940109566 0.87339 50
1746940116160 1.09697 51
1746940122258 0.92281 52
1746940128530 0.97267 53
1746940135147 1.13156 54
1746940141411 1.01423 55
1746940147829 0.99092 56
1746940157693 0.83023 57
1746940164029 0.96583 58
1746940173010 0.90479 59
1746940179348 0.89094 60
1746940186689 0.84622 61
1746940193038 0.76786 62
1746940196847 0.9206 63
1746940205598 1.03502 64
1746940216176 0.90766 65
1746940223592 0.83541 66
1746940227380 0.92225 67
1746940233273 0.93017 68
1746940242792 0.788 69
1746940248494 0.81728 70
1746940256761 0.90387 71
1746940263064 0.82899 72
1746940270466 0.73105 73
1746940276637 0.7772 74
1746940283300 0.76196 75
1746940290024 0.78163 76
1746940298016 0.78596 77
1746940304201 0.8634 78
1746940309462 0.76732 79
1746940316148 0.98007 80
1746940321774 0.7695 81
1746940328101 0.84073 82
1746940334318 0.72355 83
1746940340580 0.6979 84
1746940346251 0.75242 85
1746940352988 0.73062 86
1746940357661 0.74012 87
1746940366707 0.93632 88
1746940375408 0.78081 89
1746940381724 0.75393 90
1746940386796 0.79092 91
1746940392334 0.78083 92
1746940398431 0.72498 93
1746940405110 0.73334 94
1746940409030 0.74695 95
1746940415236 0.74168 96
1746940421471 0.69461 97
1746940427625 0.70937 98
1746940432882 0.76055 99
