1746939826557 1.32606 0
1746939830361 1.09992 1
1746939834032 1.11337 2
1746939838579 1.04089 3
1746939842998 1.03998 4
1746939847498 1.07553 5
1746939851947 1.12314 6
1746939855527 1.13935 7
1746939859018 1.06734 8
1746939862552 1.16031 9
1746939866610 1.19271 10
1746939870405 1.08661 11
1746939875781 1.0899 12
1746939880285 1.21607 13
1746939885695 1.10798 14
1746939889159 1.01532 15
1746939894683 1.01921 16
1746939899103 1.0475 17
1746939902497 1.09153 18
1746939906312 1.0645 19
1746939911935 1.1817 20
1746939915579 1.20849 21
1746939919264 1.09034 22
1746939922907 1.11895 23
1746939926488 1.21767 24
1746939932571 1.08089 25
1746939938822 1.21163 26
1746939945310 1.10723 27
1746939951972 1.07712 28
1746939958192 1.13946 29
1746939964137 1.12578 30
1746939980383 1.1161 31
1746939993684 1.06928 32
1746940000618 1.11704 33
1746940007463 1.0956 34
1746940015723 1.05963 35
1746940021873 1.13856 36
1746940028459 1.15783 37
1746940034692 1.12509 38
1746940040021 1.05051 39
1746940047243 1.17267 40
1746940053754 1.12234 41
1746940060037 1.06065 42
1746940065825 0.98972 43
1746940071575 1.01544 44
1746940078038 1.10358 45
1746940084421 1.04512 46
1746940088120 1.0547 47
1746940094631 0.99158 48
1746940100851 1.07971 49
1746940109566 0.99258 50
1746940116160 1.04216 51
1746940122258 1.02255 52
1746940128530 1.01739 53
1746940135147 1.03203 54
1746940141411 1.05609 55
1746940147829 1.02099 56
1746940157693 1.01563 57
1746940164029 1.02366 58
1746940173010 1.00964 59
1746940179348 1.01694 60
1746940186689 0.95126 61
1746940193038 0.94762 62
1746940196847 1.02512 63
1746940205598 1.03857 64
1746940216176 1.05322 65
1746940223592 1.01092 66
1746940227380 1.02295 67
1746940233273 1.03951 68
1746940242792 0.96536 69
1746940248494 1.01471 70
1746940256761 1.05393 71
1746940263064 0.97327 72
1746940270466 0.95916 73
1746940276637 0.96623 74
1746940283300 0.9946 75
1746940290024 0.96736 76
1746940298016 0.98303 77
1746940304201 0.97815 78
1746940309462 0.97394 79
1746940316148 1.12683 80
1746940321774 0.92004 81
1746940328101 0.9684 82
1746940334318 0.91984 83
1746940340580 0.93604 84
1746940346251 0.95642 85
1746940352988 0.98328 86
1746940357661 0.99441 87
1746940366707 1.01081 88
1746940375408 0.97991 89
1746940381724 0.90312 90
1746940386796 0.90802 91
1746940392334 0.93703 92
1746940398431 0.93679 93
1746940405110 0.94881 94
1746940409030 0.93802 95
1746940415236 0.94061 96
1746940421471 0.92443 97
1746940427625 0.88579 98
1746940432882 0.92446 99
