1746937166098 1.4668 0
1746937170071 1.29722 1
1746937174407 1.18199 2
1746937179823 1.15301 3
1746937185465 1.24914 4
1746937190412 1.26323 5
1746937195330 1.24021 6
1746937200557 1.25937 7
1746937207004 1.22153 8
1746937210867 1.22219 9
1746937217384 1.25383 10
1746937223951 1.3551 11
1746937229349 1.2413 12
1746937236505 1.29245 13
1746937242007 1.26181 14
1746937245833 1.17466 15
1746937250793 1.24395 16
1746937256257 1.24905 17
1746937262708 1.30535 18
1746937266558 1.26418 19
1746937272087 1.24998 20
1746937278168 1.25576 21
1746937281919 1.12382 22
1746937288555 1.20007 23
1746937295139 1.19204 24
1746937299059 1.21377 25
1746937305757 1.13707 26
1746937310807 1.08657 27
1746937314539 1.1535 28
1746937319646 1.08537 29
1746937325353 1.01772 30
1746937329129 1.05333 31
1746937335218 1.13542 32
1746937341883 1.20076 33
1746937347665 0.97075 34
1746937353154 1.1092 35
1746937357142 1.08746 36
1746937362667 0.9412 37
1746937366428 1.04497 38
1746937372289 0.99717 39
1746937379057 1.08647 40
1746937383217 0.93815 41
1746937390344 1.08181 42
1746937398429 0.96585 43
1746937403897 0.94148 44
1746937414793 1.0607 45
1746937420993 0.88794 46
1746937425103 0.98052 47
1746937432014 1.06576 48
1746937439195 0.99843 49
1746937446266 0.88305 50
1746937452532 0.89249 51
1746937459031 0.93709 52
1746937468472 1.14233 53
1746937474922 0.91366 54
1746937483108 1.03204 55
1746937490063 0.92328 56
1746937496333 0.90909 57
1746937503382 0.94963 58
1746937510962 0.87938 59
1746937517359 0.865 60
1746937530360 0.83136 61
1746937566659 0.92096 62
1746937573089 0.89523 63
1746937580696 0.81355 64
1746937590093 0.84733 65
1746937597024 0.9589 66
1746937603825 0.92361 67
1746937610445 0.94025 68
1746937616688 0.93469 69
1746937620596 0.86835 70
1746937627730 0.90464 71
1746937634738 0.73176 72
1746937640934 0.87113 73
1746937647300 0.74293 74
1746937653823 0.90252 75
1746937659515 0.91818 76
1746937666666 0.8053 77
1746937673193 0.90465 78
1746937679615 0.74418 79
1746937686324 0.76177 80
1746937693343 0.78725 81
1746937701236 1.0214 82
1746937705574 0.84379 83
1746937714127 0.78717 84
1746937720809 0.8819 85
1746937726421 0.72008 86
1746937733754 0.78029 87
1746937741271 0.7075 88
1746937746436 0.79749 89
1746937754108 0.67264 90
1746937761104 0.72221 91
1746937764945 0.75004 92
1746937771291 0.66295 93
1746937777760 0.73859 94
1746937781503 0.70164 95
1746937786832 0.69527 96
1746937793802 0.61777 97
1746937800726 0.6689 98
1746937806092 0.6689 99
