1746937166098 3.58502 0
1746937170071 3.28286 1
1746937174407 2.47319 2
1746937179823 2.47839 3
1746937185465 2.39981 4
1746937190412 2.45541 5
1746937195330 2.34546 6
1746937200557 2.08557 7
1746937207004 4.86767 8
1746937210867 2.72701 9
1746937217384 2.91395 10
1746937223951 2.57551 11
1746937229349 1.91449 12
1746937236505 2.08865 13
1746937242007 1.82952 14
1746937245833 1.60956 15
1746937250793 1.81537 16
1746937256257 1.80375 17
1746937262708 1.75814 18
1746937266558 2.26726 19
1746937272087 2.1159 20
1746937278168 1.71912 21
1746937281919 1.74397 22
1746937288555 1.90058 23
1746937295139 1.81949 24
1746937299059 1.57027 25
1746937305757 2.21655 26
1746937310807 1.63348 27
1746937314539 1.43078 28
1746937319646 1.40919 29
1746937325353 1.33583 30
1746937329129 1.54575 31
1746937335218 1.54067 32
1746937341883 1.8186 33
1746937347665 1.55208 34
1746937353154 1.36214 35
1746937357142 1.43254 36
1746937362667 1.22956 37
1746937366428 1.42034 38
1746937372289 1.31842 39
1746937379057 1.30032 40
1746937383217 1.15801 41
1746937390344 1.34255 42
1746937398429 1.1983 43
1746937403897 1.11034 44
1746937414793 1.18185 45
1746937420993 1.00671 46
1746937425103 1.10993 47
1746937432014 1.21059 48
1746937439195 1.17689 49
1746937446266 1.10185 50
1746937452532 1.08384 51
1746937459031 1.06796 52
1746937468472 1.49545 53
1746937474922 1.13356 54
1746937483108 1.01341 55
1746937490063 1.0134 56
1746937496333 0.95883 57
1746937503382 1.10293 58
1746937510962 1.09832 59
1746937517359 1.13437 60
1746937530360 0.94173 61
1746937566659 0.9816 62
1746937573089 0.98209 63
1746937580696 0.99584 64
1746937590093 0.89429 65
1746937597024 1.02578 66
1746937603825 0.96416 67
1746937610445 0.92756 68
1746937616688 0.98998 69
1746937620596 0.97706 70
1746937627730 1.18598 71
1746937634738 1.54051 72
1746937640934 0.94364 73
1746937647300 1.12723 74
1746937653823 0.94384 75
1746937659515 1.27281 76
1746937666666 0.95315 77
1746937673193 0.89302 78
1746937679615 0.85006 79
1746937686324 0.96784 80
1746937693343 0.79631 81
1746937701236 1.07142 82
1746937705574 0.78923 83
1746937714127 0.7249 84
1746937720809 0.83156 85
1746937726421 0.876 86
1746937733754 0.8129 87
1746937741271 0.85438 88
1746937746436 0.88087 89
1746937754108 0.89899 90
1746937761104 0.92209 91
1746937764945 0.97516 92
1746937771291 0.94156 93
1746937777760 0.85082 94
1746937781503 0.88681 95
1746937786832 0.8666 96
1746937793802 0.7992 97
1746937800726 0.81464 98
1746937806092 0.82308 99
