1746937166098 1.2033 0
1746937170071 1.17566 1
1746937174407 1.11105 2
1746937179823 1.07785 3
1746937185465 1.18184 4
1746937190412 1.23072 5
1746937195330 1.32127 6
1746937200557 1.30002 7
1746937207004 1.10604 8
1746937210867 1.19569 9
1746937217384 1.246 10
1746937223951 1.30112 11
1746937229349 1.17675 12
1746937236505 1.26059 13
1746937242007 1.19766 14
1746937245833 1.1438 15
1746937250793 1.16266 16
1746937256257 1.2291 17
1746937262708 1.31872 18
1746937266558 1.24231 19
1746937272087 1.26012 20
1746937278168 1.28408 21
1746937281919 1.13378 22
1746937288555 1.17839 23
1746937295139 1.23734 24
1746937299059 1.18285 25
1746937305757 1.15499 26
1746937310807 1.15533 27
1746937314539 1.18744 28
1746937319646 1.13073 29
1746937325353 1.13729 30
1746937329129 1.16045 31
1746937335218 1.17901 32
1746937341883 1.15242 33
1746937347665 1.09026 34
1746937353154 1.16484 35
1746937357142 1.13621 36
1746937362667 1.05902 37
1746937366428 1.15559 38
1746937372289 1.09303 39
1746937379057 1.15421 40
1746937383217 1.07324 41
1746937390344 1.17812 42
1746937398429 1.07375 43
1746937403897 1.10087 44
1746937414793 1.12796 45
1746937420993 1.0439 46
1746937425103 1.12046 47
1746937432014 1.15416 48
1746937439195 1.08773 49
1746937446266 1.08262 50
1746937452532 1.04145 51
1746937459031 1.08302 52
1746937468472 1.10425 53
1746937474922 1.06892 54
1746937483108 1.10225 55
1746937490063 1.03149 56
1746937496333 1.05098 57
1746937503382 1.04139 58
1746937510962 1.02939 59
1746937517359 1.09816 60
1746937530360 0.98287 61
1746937566659 1.06055 62
1746937573089 1.0758 63
1746937580696 1.02502 64
1746937590093 1.03081 65
1746937597024 1.06828 66
1746937603825 1.08779 67
1746937610445 1.10387 68
1746937616688 1.0561 69
1746937620596 1.02707 70
1746937627730 1.04823 71
1746937634738 0.90885 72
1746937640934 1.04457 73
1746937647300 0.99338 74
1746937653823 1.04343 75
1746937659515 1.11179 76
1746937666666 1.0277 77
1746937673193 1.03594 78
1746937679615 1.0047 79
1746937686324 1.0585 80
1746937693343 0.98693 81
1746937701236 1.14779 82
1746937705574 1.05591 83
1746937714127 1.00915 84
1746937720809 1.03951 85
1746937726421 0.9868 86
1746937733754 1.01648 87
1746937741271 0.99924 88
1746937746436 1.01848 89
1746937754108 0.94792 90
1746937761104 0.9619 91
1746937764945 0.97363 92
1746937771291 0.95983 93
1746937777760 0.98914 94
1746937781503 0.958 95
1746937786832 0.95007 96
1746937793802 0.94249 97
1746937800726 0.93992 98
1746937806092 0.95093 99
