1746883668540 1.4668 0
1746883686222 1.29679 1
1746883695054 1.17443 2
1746883704473 1.13715 3
1746883712414 1.23516 4
1746883721748 1.23015 5
1746883731680 1.21383 6
1746883746414 1.28074 7
1746883763508 1.07605 8
1746883771724 1.3023 9
1746883781103 1.38847 10
1746883788915 1.23379 11
1746883796926 1.22486 12
1746883805545 1.34721 13
1746883813239 1.25942 14
1746883821937 1.19934 15
1746883830896 1.2011 16
1746883840514 1.19637 17
1746883851171 1.33306 18
1746883859810 1.2364 19
1746883869632 1.2309 20
1746883881493 1.17793 21
1746883889722 1.15134 22
1746883899492 1.17522 23
1746883913969 1.11465 24
1746883931195 1.08942 25
1746883944126 1.05689 26
1746883960096 1.01255 27
1746883968106 1.10593 28
1746883978548 1.05787 29
1746883990490 1.02543 30
1746883998368 1.1041 31
1746884008286 1.0614 32
1746884020852 1.09235 33
1746884034827 1.01078 34
1746884051994 1.13051 35
1746884069148 1.11374 36
1746884081358 0.96524 37
1746884100560 0.99084 38
1746884123278 0.95076 39
1746884136613 0.86234 40
1746884146012 0.82626 41
1746884154297 0.89378 42
1746884166744 0.75077 43
1746884177511 0.83457 44
1746884187860 0.74841 45
1746884198947 0.77991 46
1746884206364 0.79398 47
1746884218539 0.80507 48
1746884232680 0.76448 49
