1746883668540 3.58502 0
1746883686222 3.28372 1
1746883695054 2.42702 2
1746883704473 2.39017 3
1746883712414 2.29966 4
1746883721748 2.36827 5
1746883731680 2.31216 6
1746883746414 2.02903 7
1746883763508 5.20257 8
1746883771724 2.64709 9
1746883781103 2.7645 10
1746883788915 2.46585 11
1746883796926 1.98332 12
1746883805545 2.17911 13
1746883813239 1.91082 14
1746883821937 1.58824 15
1746883830896 1.96649 16
1746883840514 1.79389 17
1746883851171 1.79008 18
1746883859810 2.13323 19
1746883869632 2.03719 20
1746883881493 1.66963 21
1746883889722 1.70783 22
1746883899492 1.92039 23
1746883913969 1.78776 24
1746883931195 1.45034 25
1746883944126 2.14578 26
1746883960096 1.69979 27
1746883968106 1.46371 28
1746883978548 1.4431 29
1746883990490 1.35189 30
1746883998368 1.65949 31
1746884008286 1.4834 32
1746884020852 1.7495 33
1746884034827 1.46167 34
1746884051994 1.38299 35
1746884069148 1.54894 36
1746884081358 1.31023 37
1746884100560 1.42329 38
1746884123278 1.27968 39
1746884136613 1.3705 40
1746884146012 1.35444 41
1746884154297 1.35486 42
1746884166744 1.23311 43
1746884177511 1.46425 44
1746884187860 1.29569 45
1746884198947 1.54164 46
1746884206364 1.29084 47
1746884218539 1.2569 48
1746884232680 1.38966 49
