1746883668540 1.2033 0
1746883686222 1.17502 1
1746883695054 1.10947 2
1746883704473 1.07198 3
1746883712414 1.15598 4
1746883721748 1.20321 5
1746883731680 1.28024 6
1746883746414 1.26793 7
1746883763508 1.129 8
1746883771724 1.25534 9
1746883781103 1.26163 10
1746883788915 1.19087 11
1746883796926 1.17047 12
1746883805545 1.25035 13
1746883813239 1.1716 14
1746883821937 1.10211 15
1746883830896 1.11497 16
1746883840514 1.15633 17
1746883851171 1.24094 18
1746883859810 1.1576 19
1746883869632 1.17619 20
1746883881493 1.21413 21
1746883889722 1.12072 22
1746883899492 1.1373 23
1746883913969 1.17563 24
1746883931195 1.10875 25
1746883944126 1.13872 26
1746883960096 1.08203 27
1746883968106 1.15834 28
1746883978548 1.12427 29
1746883990490 1.15775 30
1746883998368 1.16164 31
1746884008286 1.16419 32
1746884020852 1.08842 33
1746884034827 1.08009 34
1746884051994 1.13664 35
1746884069148 1.13065 36
1746884081358 1.03365 37
1746884100560 1.08795 38
1746884123278 1.03856 39
1746884136613 1.01792 40
1746884146012 0.99255 41
1746884154297 1.03569 42
1746884166744 0.97126 43
1746884177511 0.99212 44
1746884187860 0.96511 45
1746884198947 0.98925 46
1746884206364 0.96607 47
1746884218539 1.01294 48
1746884232680 0.98301 49
