0 0.97578125 0.93515625 0.04765625 0.0921875
0 0.16796875 0.828125 0.0625 0.1078125
0 0.28671875 0.67109375 0.05078125 0.0828125
0 0.54453125 0.88671875 0.05234375 0.1
0 0.853125 0.9265625 0.05234375 0.1015625
0 0.790625 0.92109375 0.04921875 0.0890625
0 0.73515625 0.9125 0.04921875 0.09921875
0 0.9140625 0.9359375 0.0515625 0.09296875
0 0.6734375 0.89453125 0.0484375 0.090625
0 0.16328125 0.546875 0.028125 0.05234375
0 0.03125 0.759375 0.0625 0.10625
0 0.62265625 0.81796875 0.0703125 0.13671875
0 0.03828125 0.53203125 0.04296875 0.07109375
0 0.01640625 0.5296875 0.0328125 0.0546875
0 0.03515625 0.6484375 0.0484375 0.07890625
0 0.0109375 0.63203125 0.02109375 0.090625