1746954473158 0.0001 0
1746954483796 0.000215644 1
1746954493188 0.000326536 2
1746954503193 0.00043267599999999995 3
1746954512351 0.000534064 4
1746954521454 0.0006307 5
1746954529996 0.000722584 6
1746954539604 0.000809716 7
1746954548990 0.000892096 8
1746954557380 0.0009697240000000002 9
1746954566469 0.0010426 10
1746954576363 0.001110724 11
1746954589649 0.0011740960000000001 12
1746954600761 0.001232716 13
1746954609979 0.0012865840000000001 14
1746954617925 0.0013357 15
1746954626407 0.0013663999999999998 16
1746954634942 0.0013267999999999997 17
1746954642834 0.0012872 18
1746954650611 0.0012476 19
1746954659196 0.001208 20
1746954674734 0.0011684000000000002 21
1746954686564 0.0011288000000000001 22
1746954695097 0.0010892000000000002 23
1746954706275 0.0010496000000000001 24
1746954717363 0.00101 25
1746954728675 0.0009704 26
1746954737608 0.0009308 27
1746954747859 0.0008911999999999999 28
1746954759862 0.0008516000000000001 29
1746954770275 0.0008120000000000001 30
1746954778561 0.0007724 31
1746954789660 0.0007328 32
1746954801383 0.0006931999999999999 33
1746954811956 0.0006536 34
1746954821093 0.0006140000000000001 35
1746954832403 0.0005744000000000001 36
1746954843847 0.0005348000000000001 37
1746954855019 0.0004952 38
1746954863181 0.00045559999999999996 39
1746954874472 0.0004159999999999999 40
1746954885054 0.00037640000000000015 41
1746954895025 0.0003368000000000001 42
1746954902902 0.0002972 43
1746954913514 0.00025760000000000003 44
1746954925083 0.00021799999999999996 45
1746954935575 0.00017839999999999992 46
1746954944296 0.0001388000000000001 47
1746954954403 9.920000000000008e-05 48
1746954964899 5.9600000000000046e-05 49
