1746935914697 1.4668 0
1746935918782 1.29729 1
1746935923565 1.18292 2
1746935929438 1.15271 3
1746935938055 1.25681 4
1746935943382 1.25922 5
1746935949752 1.21616 6
1746935958193 1.24047 7
1746935965240 1.14541 8
1746935970644 1.16468 9
1746935979475 1.29059 10
1746935988030 1.30876 11
1746935995672 1.23148 12
1746936003073 1.28557 13
1746936010683 1.25182 14
1746936017193 1.15057 15
1746936024260 1.2482 16
1746936031797 1.27882 17
1746936038806 1.37813 18
1746936044468 1.24611 19
1746936051019 1.28338 20
1746936057924 1.22732 21
1746936064245 1.08741 22
1746936070698 1.17441 23
1746936077134 1.10777 24
1746936082615 1.16106 25
1746936089580 1.26599 26
1746936095489 1.07005 27
1746936100952 1.11015 28
1746936108302 1.126 29
1746936115843 1.05151 30
1746936120220 1.07447 31
1746936126974 1.16648 32
1746936133449 1.23301 33
1746936140820 1.16973 34
1746936147856 1.16851 35
1746936153795 1.13556 36
1746936160146 1.00809 37
1746936165588 1.03593 38
1746936173153 0.99886 39
1746936184716 1.07161 40
1746936194410 1.00599 41
1746936206416 1.06174 42
1746936216703 0.97126 43
1746936225869 0.94052 44
1746936240435 1.10193 45
1746936250352 0.92151 46
1746936259864 1.0029 47
1746936270434 1.07006 48
1746936282171 1.07124 49
1746936293635 0.96327 50
1746936304045 0.87367 51
1746936314749 0.96998 52
1746936327535 1.07712 53
1746936337820 0.9335 54
1746936354611 1.04421 55
1746936367692 0.88238 56
1746936379068 0.87249 57
1746936390959 0.89202 58
1746936404641 0.84243 59
1746936416705 0.91696 60
1746936427933 0.84291 61
1746936440332 0.92838 62
1746936449391 0.89293 63
1746936461584 0.78114 64
1746936474709 0.8074 65
1746936483051 0.97618 66
1746936493398 0.89054 67
1746936503155 0.85723 68
1746936513161 0.99558 69
1746936520684 0.85022 70
1746936530431 0.87503 71
1746936540057 0.74655 72
1746936548558 0.86755 73
1746936558162 0.80176 74
1746936569529 0.85267 75
1746936578431 1.01724 76
1746936589837 0.78348 77
1746936599381 0.91241 78
1746936608175 0.7345 79
1746936618946 0.75169 80
1746936627527 0.78536 81
1746936639982 1.09024 82
1746936647073 0.82816 83
1746936658476 0.79216 84
1746936667950 0.90523 85
1746936675628 0.71194 86
1746936687979 0.77336 87
1746936698297 0.71963 88
1746936706692 0.76984 89
1746936716548 0.72413 90
1746936728262 0.73744 91
1746936734175 0.73563 92
1746936742804 0.65265 93
1746936752095 0.70475 94
1746936758898 0.68473 95
1746936768745 0.67194 96
1746936779092 0.63534 97
1746936790932 0.69751 98
1746936798387 0.65787 99
