1746935914697 3.58502 0
1746935918782 3.28303 1
1746935923565 2.47041 2
1746935929438 2.4766 3
1746935938055 2.39213 4
1746935943382 2.44711 5
1746935949752 2.31741 6
1746935958193 2.0812 7
1746935965240 4.75142 8
1746935970644 2.65167 9
1746935979475 2.80257 10
1746935988030 2.41877 11
1746935995672 1.89512 12
1746936003073 2.06355 13
1746936010683 1.90607 14
1746936017193 1.56364 15
1746936024260 1.83341 16
1746936031797 1.81183 17
1746936038806 1.81277 18
1746936044468 2.36444 19
1746936051019 2.16048 20
1746936057924 1.76687 21
1746936064245 1.76439 22
1746936070698 1.78115 23
1746936077134 1.7516 24
1746936082615 1.52473 25
1746936089580 2.22908 26
1746936095489 1.69181 27
1746936100952 1.51662 28
1746936108302 1.56926 29
1746936115843 1.35822 30
1746936120220 1.62266 31
1746936126974 1.47558 32
1746936133449 1.90914 33
1746936140820 1.56963 34
1746936147856 1.35568 35
1746936153795 1.46917 36
1746936160146 1.32336 37
1746936165588 1.45124 38
1746936173153 1.26456 39
1746936184716 1.27051 40
1746936194410 1.17323 41
1746936206416 1.33347 42
1746936216703 1.20318 43
1746936225869 1.14965 44
1746936240435 1.25478 45
1746936250352 1.05978 46
1746936259864 1.09224 47
1746936270434 1.2599 48
1746936282171 1.23225 49
1746936293635 1.10258 50
1746936304045 1.06151 51
1746936314749 1.11621 52
1746936327535 1.41698 53
1746936337820 1.09621 54
1746936354611 1.07726 55
1746936367692 1.06201 56
1746936379068 0.95574 57
1746936390959 1.08987 58
1746936404641 1.02218 59
1746936416705 1.22976 60
1746936427933 0.9653 61
1746936440332 0.95878 62
1746936449391 0.99083 63
1746936461584 1.00659 64
1746936474709 0.90505 65
1746936483051 0.99007 66
1746936493398 0.95511 67
1746936503155 0.92997 68
1746936513161 0.94857 69
1746936520684 0.9504 70
1746936530431 1.00499 71
1746936540057 1.61073 72
1746936548558 0.93227 73
1746936558162 1.1409 74
1746936569529 0.97238 75
1746936578431 1.27018 76
1746936589837 0.96041 77
1746936599381 0.9396 78
1746936608175 0.84705 79
1746936618946 0.97728 80
1746936627527 0.78614 81
1746936639982 1.07053 82
1746936647073 0.7805 83
1746936658476 0.7487 84
1746936667950 0.86723 85
1746936675628 0.88797 86
1746936687979 0.79411 87
1746936698297 0.82417 88
1746936706692 0.86586 89
1746936716548 0.88268 90
1746936728262 0.90155 91
1746936734175 0.94027 92
1746936742804 0.91167 93
1746936752095 0.84008 94
1746936758898 0.8668 95
1746936768745 0.85998 96
1746936779092 0.8045 97
1746936790932 0.84922 98
1746936798387 0.82356 99
