1746935914697 1.2033 0
1746935918782 1.17568 1
1746935923565 1.11134 2
1746935929438 1.0779 3
1746935938055 1.18685 4
1746935943382 1.22401 5
1746935949752 1.29733 6
1746935958193 1.25126 7
1746935965240 1.06696 8
1746935970644 1.17364 9
1746935979475 1.22491 10
1746935988030 1.22783 11
1746935995672 1.23696 12
1746936003073 1.2499 13
1746936010683 1.21466 14
1746936017193 1.12187 15
1746936024260 1.18946 16
1746936031797 1.25266 17
1746936038806 1.31817 18
1746936044468 1.20667 19
1746936051019 1.23364 20
1746936057924 1.2242 21
1746936064245 1.1129 22
1746936070698 1.11274 23
1746936077134 1.18986 24
1746936082615 1.1491 25
1746936089580 1.27715 26
1746936095489 1.12661 27
1746936100952 1.17978 28
1746936108302 1.15355 29
1746936115843 1.17171 30
1746936120220 1.15143 31
1746936126974 1.21145 32
1746936133449 1.16231 33
1746936140820 1.14894 34
1746936147856 1.1864 35
1746936153795 1.15903 36
1746936160146 1.09435 37
1746936165588 1.14763 38
1746936173153 1.08133 39
1746936184716 1.14225 40
1746936194410 1.07112 41
1746936206416 1.18156 42
1746936216703 1.06824 43
1746936225869 1.09349 44
1746936240435 1.13169 45
1746936250352 1.03596 46
1746936259864 1.11406 47
1746936270434 1.18467 48
1746936282171 1.12112 49
1746936293635 1.11209 50
1746936304045 1.0333 51
1746936314749 1.10876 52
1746936327535 1.08499 53
1746936337820 1.06296 54
1746936354611 1.08989 55
1746936367692 1.01466 56
1746936379068 1.04701 57
1746936390959 1.0304 58
1746936404641 1.01647 59
1746936416705 1.10695 60
1746936427933 0.98671 61
1746936440332 1.05561 62
1746936449391 1.07208 63
1746936461584 0.99378 64
1746936474709 1.02299 65
1746936483051 1.06102 66
1746936493398 1.05907 67
1746936503155 1.06268 68
1746936513161 1.06578 69
1746936520684 1.01247 70
1746936530431 1.02841 71
1746936540057 0.89794 72
1746936548558 1.02718 73
1746936558162 1.0133 74
1746936569529 1.0253 75
1746936578431 1.20588 76
1746936589837 1.02858 77
1746936599381 1.04905 78
1746936608175 0.99257 79
1746936618946 1.05322 80
1746936627527 0.98686 81
1746936639982 1.18747 82
1746936647073 1.05135 83
1746936658476 1.02108 84
1746936667950 1.07301 85
1746936675628 0.98579 86
1746936687979 1.03523 87
1746936698297 1.01664 88
1746936706692 1.02177 89
1746936716548 0.96958 90
1746936728262 0.96425 91
1746936734175 0.9989 92
1746936742804 0.9526 93
1746936752095 0.97301 94
1746936758898 0.94731 95
1746936768745 0.93287 96
1746936779092 0.94563 97
1746936790932 0.95552 98
1746936798387 0.95556 99
