1746894266680 1.61648 0
1746894270439 1.28146 1
1746894274089 1.22884 2
1746894289028 1.24765 3
1746894292739 1.0411 4
1746894304821 1.15021 5
1746894311656 1.10017 6
1746894315208 1.056 7
1746894321485 1.05944 8
1746894327565 1.0817 9
1746894352160 1.17561 10
1746894358966 1.09524 11
1746894386339 1.0861 12
1746894401008 1.33908 13
1746894414736 1.02953 14
1746894429717 0.87879 15
1746894443044 1.16318 16
1746894449429 1.0561 17
1746894465611 1.07401 18
1746894481059 1.1313 19
1746894554001 1.12233 20
1746894758492 1.19012 21
1746894868771 0.87682 22
1746894967869 1.02057 23
1746895026506 1.11328 24
1746895125638 1.08398 25
1746895212059 0.99504 26
1746895299086 0.95556 27
1746895363780 0.98981 28
1746895475924 1.04856 29
1746895628004 0.8272 30
1746895695813 1.03214 31
1746895781646 0.83579 32
1746895900220 0.99132 33
1746895995412 0.88884 34
1746896160406 0.84036 35
1746896212233 0.96103 36
1746896493988 0.86528 37
1746896767318 0.92918 38
1746896939059 0.7997 39
1746897036814 0.84632 40
1746897130757 0.77523 41
1746897191245 0.76853 42
1746897252044 0.70222 43
1746897348364 0.74622 44
1746897416664 0.73148 45
1746897544960 0.72344 46
1746897614090 0.70625 47
1746897684860 0.65612 48
1746897802151 0.70852 49
