1746894266680 4.26887 0
1746894270439 3.65807 1
1746894274089 3.53569 2
1746894289028 3.39911 3
1746894292739 2.90668 4
1746894304821 2.40466 5
1746894311656 2.07698 6
1746894315208 1.75136 7
1746894321485 1.61018 8
1746894327565 1.99898 9
1746894352160 1.63322 10
1746894358966 1.41319 11
1746894386339 1.39478 12
1746894401008 1.69639 13
1746894414736 1.52408 14
1746894429717 1.32601 15
1746894443044 1.60401 16
1746894449429 1.44602 17
1746894465611 1.4898 18
1746894481059 1.50958 19
1746894554001 1.37461 20
1746894758492 1.34907 21
1746894868771 1.2734 22
1746894967869 1.45979 23
1746895026506 1.41816 24
1746895125638 1.16317 25
1746895212059 1.17957 26
1746895299086 1.2712 27
1746895363780 1.33593 28
1746895475924 1.12367 29
1746895628004 1.11135 30
1746895695813 1.19246 31
1746895781646 1.02814 32
1746895900220 1.18713 33
1746895995412 1.08375 34
1746896160406 0.96856 35
1746896212233 1.19034 36
1746896493988 1.28631 37
1746896767318 1.08679 38
1746896939059 0.98541 39
1746897036814 1.0076 40
1746897130757 1.02345 41
1746897191245 1.01586 42
1746897252044 0.87741 43
1746897348364 1.15155 44
1746897416664 1.00609 45
1746897544960 1.00445 46
1746897614090 0.9259 47
1746897684860 0.92223 48
1746897802151 0.92518 49
