1746894266680 1.34891 0
1746894270439 1.15492 1
1746894274089 1.13507 2
1746894289028 1.09344 3
1746894292739 0.99869 4
1746894304821 1.04477 5
1746894311656 1.05879 6
1746894315208 1.04387 7
1746894321485 0.98178 8
1746894327565 1.07096 9
1746894352160 1.06199 10
1746894358966 0.99194 11
1746894386339 1.01101 12
1746894401008 1.17806 13
1746894414736 0.99985 14
1746894429717 0.96939 15
1746894443044 0.99676 16
1746894449429 1.01812 17
1746894465611 1.05394 18
1746894481059 1.01419 19
1746894554001 1.08915 20
1746894758492 1.10214 21
1746894868771 0.95786 22
1746894967869 0.97237 23
1746895026506 1.10395 24
1746895125638 1.00883 25
1746895212059 1.03468 26
1746895299086 1.04034 27
1746895363780 1.03323 28
1746895475924 1.06191 29
1746895628004 0.99473 30
1746895695813 1.05401 31
1746895781646 0.95923 32
1746895900220 1.02474 33
1746895995412 0.98509 34
1746896160406 0.95449 35
1746896212233 1.03146 36
1746896493988 1.00433 37
1746896767318 1.04729 38
1746896939059 0.94696 39
1746897036814 0.92033 40
1746897130757 0.94224 41
1746897191245 0.95209 42
1746897252044 0.91729 43
1746897348364 0.89064 44
1746897416664 0.91866 45
1746897544960 0.91273 46
1746897614090 0.91383 47
1746897684860 0.92822 48
1746897802151 0.91632 49
