1746928234149 0.02986 0
1746928935150 0.00033 1
1746929340237 0.00086 2
1746929786072 0.00124 3
1746929807440 0.00304 4
1746929832334 0.00055 5
1746929889089 0.00056 6
1746929947652 0.00187 7
1746929983757 0.00071 8
1746930024133 0.00047 9
1746930076091 0.00092 10
1746930085307 0.00056 11
1746930227956 0.0 12
1746930445397 0.00153 13
1746930935658 0.00151 14
1746931710286 0.00398 15
1746931943744 0.02403 16
1746932119787 0.03579 17
1746932296078 0.12413 18
1746932350858 0.07275 19
1746932418251 0.0732 20
