1746928234149 0.08415 0
1746928935150 0.00118 1
1746929340237 0.00121 2
1746929786072 0.00374 3
1746929807440 0.00696 4
1746929832334 0.00094 5
1746929889089 0.00265 6
1746929947652 0.00194 7
1746929983757 0.00091 8
1746930024133 0.00093 9
1746930076091 0.00131 10
1746930085307 0.0008 11
1746930227956 0.0 12
1746930445397 0.00418 13
1746930935658 0.00446 14
1746931710286 0.01038 15
1746931943744 0.08579 16
1746932119787 0.13611 17
1746932296078 0.38811 18
1746932350858 0.10262 19
1746932418251 0.10814 20
