1746928234149 0.01171 0
1746928935150 0.00165 1
1746929340237 0.00167 2
1746929786072 0.00906 3
1746929807440 0.00992 4
1746929832334 0.00167 5
1746929889089 0.00268 6
1746929947652 0.00855 7
1746929983757 0.00278 8
1746930024133 0.00167 9
1746930076091 0.0022 10
1746930085307 0.00132 11
1746930227956 0.0 12
1746930445397 0.01587 13
1746930935658 0.01493 14
1746931710286 0.0164 15
1746931943744 0.04172 16
1746932119787 0.0715 17
1746932296078 0.33242 18
1746932350858 0.05003 19
1746932418251 0.03775 20
