1746928234149 0.61538 0
1746928935150 0.07692 1
1746929340237 0.07692 2
1746929786072 0.07692 3
1746929807440 0.30769 4
1746929832334 0.07692 5
1746929889089 0.07692 6
1746929947652 0.07692 7
1746929983757 0.07692 8
1746930024133 0.07692 9
1746930076091 0.07692 10
1746930085307 0.07692 11
1746930227956 0.0 12
1746930445397 0.07692 13
1746930935658 0.07692 14
1746931710286 0.30769 15
1746931943744 0.07692 16
1746932119787 0.15385 17
1746932296078 0.46154 18
1746932350858 0.23077 19
1746932418251 0.46154 20
