1746952491881 4e-05 0
1746952497964 9.802e-05 1
1746952502336 0.000153664 2
1746952506961 0.00020693199999999998 3
1746952511914 0.00025782400000000003 4
1746952517121 0.00030634 5
1746952521629 0.00035247999999999996 6
1746952526847 0.000396244 7
1746952531994 0.00043763200000000003 8
1746952537050 0.0004766440000000001 9
1746952542033 0.0005132800000000001 10
1746952546693 0.00054754 11
1746952551092 0.000579424 12
1746952555494 0.0006089320000000001 13
1746952559859 0.000636064 14
1746952564104 0.00066082 15
1746952568810 0.0006831999999999999 16
1746952574061 0.0007032039999999998 17
1746952578376 0.000720832 18
1746952583134 0.000736084 19
1746952588173 0.0007489600000000001 20
1746952593862 0.0007594600000000001 21
1746952598479 0.0007675840000000001 22
1746952603108 0.0007733320000000002 23
1746952607466 0.000776704 24
1746952611904 0.0007777 25
1746952617010 0.0007763199999999999 26
1746952621797 0.000772564 27
1746952626562 0.0007664319999999998 28
1746952631130 0.0007579240000000001 29
1746952635667 0.0007470400000000001 30
1746952640409 0.0007337800000000001 31
1746952644915 0.000718144 32
1746952649475 0.0006931999999999999 33
1746952654326 0.0006536 34
1746952659596 0.0006140000000000001 35
1746952665651 0.0005744000000000001 36
1746952670108 0.0005348000000000001 37
1746952675644 0.0004952 38
1746952682099 0.00045559999999999996 39
1746952688435 0.0004159999999999999 40
1746952693022 0.00037640000000000015 41
1746952698273 0.0003368000000000001 42
1746952703558 0.0002972 43
1746952709383 0.00025760000000000003 44
1746952715114 0.00021799999999999996 45
1746952720327 0.00017839999999999992 46
1746952725882 0.0001388000000000001 47
1746952731400 9.920000000000008e-05 48
1746952735847 5.9600000000000046e-05 49
