1746936841833 0.0002 0
1746936846527 0.000411684 1
1746936851316 0.000614656 2
1746936855494 0.0008089159999999999 3
1746936860649 0.000994464 4
1746936866461 0.0011713000000000001 5
1746936871557 0.0013394239999999999 6
1746936877278 0.0014988360000000001 7
1746936884441 0.001649536 8
1746936889691 0.0016436000000000003 9
1746936897382 0.0016040000000000002 10
1746936903868 0.0015644 11
1746936908848 0.0015248 12
1746936915666 0.0014852 13
1746936922232 0.0014456 14
1746936928906 0.001406 15
1746936935705 0.0013663999999999998 16
1746936942343 0.0013267999999999997 17
1746936950115 0.0012872 18
1746936955739 0.0012476 19
1746936961377 0.001208 20
1746936967578 0.0011684000000000002 21
1746936971470 0.0011288000000000001 22
1746936978038 0.0010892000000000002 23
1746936984629 0.0010496000000000001 24
1746936989677 0.00101 25
1746936995616 0.0009704 26
1746937002610 0.0009308 27
1746937007867 0.0008911999999999999 28
1746937013995 0.0008516000000000001 29
1746937019655 0.0008120000000000001 30
1746937023594 0.0007724 31
1746937028853 0.0007328 32
1746937036116 0.0006931999999999999 33
1746937042274 0.0006536 34
1746937048760 0.0006140000000000001 35
1746937054023 0.0005744000000000001 36
1746937060672 0.0005348000000000001 37
1746937064704 0.0004952 38
1746937070566 0.00045559999999999996 39
1746937076396 0.0004159999999999999 40
1746937080147 0.00037640000000000015 41
1746937086561 0.0003368000000000001 42
1746937092788 0.0002972 43
1746937096762 0.00025760000000000003 44
1746937103021 0.00021799999999999996 45
1746937107960 0.00017839999999999992 46
1746937111806 0.0001388000000000001 47
1746937117877 9.920000000000008e-05 48
1746937124449 5.9600000000000046e-05 49
