1746953701526 4e-05 0
1746953705961 9.901e-05 1
1746953712659 0.000156832 2
1746953718534 0.000213466 3
1746953725360 0.000268912 4
1746953730248 0.00032317000000000007 5
1746953735236 0.00037623999999999996 6
1746953739461 0.000428122 7
1746953743700 0.000478816 8
1746953747918 0.000528322 9
1746953753077 0.00057664 10
1746953758058 0.0006237699999999999 11
1746953762436 0.0006697119999999999 12
1746953766465 0.000714466 13
1746953770777 0.0007580320000000001 14
1746953774868 0.0008004100000000001 15
1746953779396 0.0008416000000000001 16
1746953783641 0.000881602 17
1746953787236 0.0009204160000000002 18
1746953791281 0.0009580420000000002 19
1746953795064 0.00099448 20
1746953799596 0.0010297300000000002 21
1746953803168 0.001063792 22
1746953806771 0.001096666 23
1746953810587 0.001128352 24
1746953815384 0.00115885 25
1746953819435 0.0011881600000000002 26
1746953825007 0.0012162820000000002 27
1746953830401 0.0012432160000000001 28
1746953834308 0.0012689620000000002 29
1746953839106 0.0012935199999999998 30
1746953844468 0.00131689 31
1746953850159 0.0013390719999999997 32
1746953854281 0.0013465999999999999 33
1746953859613 0.0013267999999999997 34
1746953866090 0.001307 35
1746953874328 0.0012872 36
1746953878171 0.0012674000000000001 37
1746953884016 0.0012476 38
1746953891035 0.0012278 39
1746953899056 0.001208 40
1746953904987 0.0011882000000000002 41
1746953913055 0.0011684000000000002 42
1746953919010 0.0011486 43
1746953924581 0.0011288000000000001 44
1746953928234 0.001109 45
1746953934085 0.0010892000000000002 46
1746953941013 0.0010694 47
1746953947208 0.0010496000000000001 48
1746953951091 0.0010298 49
1746953957563 0.00101 50
1746953963689 0.0009901999999999999 51
1746953969491 0.0009704 52
1746953974599 0.0009506 53
1746953981914 0.0009308 54
1746953988556 0.0009109999999999999 55
1746953994098 0.0008911999999999999 56
1746953997766 0.0008714 57
1746954003539 0.0008516000000000001 58
1746954011049 0.0008318000000000002 59
1746954018319 0.0008120000000000001 60
1746954026435 0.0007922000000000001 61
1746954032582 0.0007724 62
1746954037847 0.0007526000000000001 63
1746954047364 0.0007328 64
1746954053324 0.000713 65
1746954059931 0.0006931999999999999 66
1746954066754 0.0006733999999999999 67
1746954072756 0.0006536 68
1746954079660 0.0006338000000000001 69
1746954090087 0.0006140000000000001 70
1746954095872 0.0005942 71
1746954101823 0.0005744000000000001 72
1746954105476 0.0005546000000000001 73
1746954111715 0.0005348000000000001 74
1746954118374 0.000515 75
1746954126993 0.0004952 76
1746954132781 0.0004754 77
1746954139569 0.00045559999999999996 78
1746954146661 0.00043579999999999997 79
1746954152151 0.0004159999999999999 80
1746954155822 0.00039619999999999987 81
1746954162171 0.00037640000000000015 82
1746954168424 0.0003566000000000001 83
1746954175371 0.0003368000000000001 84
1746954181678 0.00031700000000000006 85
1746954188600 0.0002972 86
1746954198231 0.0002774 87
1746954205074 0.00025760000000000003 88
1746954209609 0.00023779999999999995 89
1746954216400 0.00021799999999999996 90
1746954222518 0.00019819999999999994 91
1746954228715 0.00017839999999999992 92
1746954232163 0.00015859999999999987 93
1746954238360 0.0001388000000000001 94
1746954243892 0.0001190000000000001 95
1746954253344 9.920000000000008e-05 96
1746954257642 7.940000000000006e-05 97
1746954264285 5.9600000000000046e-05 98
1746954270490 3.980000000000002e-05 99
