1746889698256 0.0021000000000000003 0
1746889703008 0.00421486 1
1746889708756 0.0062426 2
1746889714510 0.00818322 3
1746889720448 0.009208000000000001 4
1746889725239 0.00901 5
1746889732349 0.008812 6
1746889740080 0.008614 7
1746889747664 0.008416 8
1746889753919 0.008218000000000001 9
1746889761620 0.008020000000000001 10
1746889769286 0.007822 11
1746889777539 0.007624 12
1746889784794 0.007426 13
1746889794251 0.007228 14
1746889800937 0.00703 15
1746889809441 0.0068319999999999995 16
1746889818482 0.006633999999999999 17
1746889823592 0.006436000000000001 18
1746889832134 0.0062380000000000005 19
1746889840797 0.00604 20
1746889845865 0.005842000000000001 21
1746889853867 0.005644000000000001 22
1746889862370 0.005446000000000001 23
1746889870856 0.005248000000000001 24
1746889876209 0.00505 25
1746889884405 0.0048519999999999995 26
1746889893362 0.004654 27
1746889901056 0.004456 28
1746889910283 0.0042580000000000005 29
1746889918510 0.00406 30
1746889928948 0.003862 31
1746889939477 0.003664 32
1746889949194 0.003466 33
1746889957712 0.003268 34
1746889967478 0.0030700000000000007 35
1746889975223 0.002872 36
1746889983344 0.002674 37
1746889993076 0.002476 38
1746890001462 0.0022779999999999996 39
1746890009540 0.00208 40
1746890018120 0.0018820000000000006 41
1746890026278 0.0016840000000000006 42
1746890034516 0.0014860000000000001 43
1746890039588 0.001288 44
1746890048396 0.0010899999999999998 45
1746890056399 0.0008919999999999996 46
1746890064250 0.0006940000000000005 47
1746890072246 0.0004960000000000005 48
1746890080460 0.0002980000000000002 49
