1746890680123 0.1875 0
1746890686336 0.19721 1
1746890692237 0.20745 2
1746890698156 0.21259 3
1746890703846 0.29331 4
1746890712249 0.75878 5
1746890718741 0.88515 6
1746890725628 0.53713 7
1746890731784 0.90135 8
1746890738699 0.43788 9
1746890748308 0.36527 10
1746890755326 0.69533 11
1746890765997 0.36583 12
1746890778038 0.53569 13
1746890784824 0.8817 14
1746890796057 0.87076 15
1746890803952 0.29565 16
1746890813343 0.30965 17
1746890823674 0.55239 18
1746890830753 0.59282 19
1746890847270 0.56228 20
1746890868735 0.864 21
1746890886993 0.86669 22
1746890905774 0.57312 23
1746890925620 0.9614 24
1746890947504 0.62477 25
1746890959176 0.63833 26
1746890979763 0.94436 27
1746891008365 0.95176 28
1746891032484 0.89336 29
1746891056555 0.96636 30
1746891075455 0.56127 31
1746891106864 0.56127 32
1746891128582 0.5589 33
1746891155683 0.94616 34
1746891186587 0.64924 35
1746891211106 0.30965 36
1746891231496 0.64223 37
1746891259150 0.5589 38
1746891284287 0.5488 39
1746891306969 0.93522 40
1746891324868 0.30965 41
1746891335116 0.65251 42
1746891356599 0.88092 43
1746891374309 0.6442 44
1746891390563 0.86998 45
1746891410764 0.94775 46
1746891431265 0.30965 47
1746891465735 0.55821 48
1746891486244 0.30965 49
1746891491068 0.5832830857142858 49
