1746890680123 0.09048 0
1746890686336 0.09609 1
1746890692237 0.0988 2
1746890698156 0.14563 3
1746890703846 0.20973 4
1746890712249 0.43774 5
1746890718741 0.52974 6
1746890725628 0.24434 7
1746890731784 0.53105 8
1746890738699 0.24037 9
1746890748308 0.25451 10
1746890755326 0.40473 11
1746890765997 0.15813 12
1746890778038 0.36134 13
1746890784824 0.60139 14
1746890796057 0.54304 15
1746890803952 0.20384 16
1746890813343 0.15519 17
1746890823674 0.33841 18
1746890830753 0.36623 19
1746890847270 0.40242 20
1746890868735 0.59742 21
1746890886993 0.61028 22
1746890905774 0.42806 23
1746890925620 0.68471 24
1746890947504 0.46117 25
1746890959176 0.46812 26
1746890979763 0.69154 27
1746891008365 0.71097 28
1746891032484 0.67991 29
1746891056555 0.74931 30
1746891075455 0.39903 31
1746891106864 0.38754 32
1746891128582 0.39803 33
1746891155683 0.67886 34
1746891186587 0.4796 35
1746891211106 0.2139 36
1746891231496 0.46112 37
1746891259150 0.41012 38
1746891284287 0.40101 39
1746891306969 0.67966 40
1746891324868 0.2139 41
1746891335116 0.46919 42
1746891356599 0.6195 43
1746891374309 0.47773 44
1746891390563 0.63089 45
1746891410764 0.71171 46
1746891431265 0.22298 47
1746891465735 0.39969 48
1746891486244 0.22298 49
1746891491068 0.43421346283730156 49
