1746890680123 0.008 0
1746890686336 0.008 1
1746890692237 0.00867 2
1746890698156 0.00867 3
1746890703846 0.00867 4
1746890712249 0.00867 5
1746890718741 1.0 6
1746890725628 0.87428 7
1746890731784 0.86407 8
1746890738699 0.91517 9
1746890748308 0.6059 10
1746890755326 0.75704 11
1746890765997 0.77956 12
1746890778038 0.77357 13
1746890784824 0.88477 14
1746890796057 1.0 15
1746890803952 0.76353 16
1746890813343 0.9668 17
1746890823674 0.94839 18
1746890830753 0.87067 19
1746890847270 0.93152 20
1746890868735 0.95642 21
1746890886993 0.89328 22
1746890905774 0.95642 23
1746890925620 0.97559 24
1746890947504 0.83633 25
1746890959176 0.97706 26
1746890979763 0.98863 27
1746891008365 0.97748 28
1746891032484 0.99004 29
1746891056555 0.99138 30
1746891075455 0.9917 31
1746891106864 0.99222 32
1746891128582 0.98947 33
1746891155683 0.99531 34
1746891186587 0.99201 35
1746891211106 0.98574 36
1746891231496 0.98935 37
1746891259150 0.98781 38
1746891284287 0.98443 39
1746891306969 0.98874 40
1746891324868 0.9868 41
1746891335116 0.97448 42
1746891356599 0.98051 43
1746891374309 0.98264 44
1746891390563 0.9832 45
1746891410764 0.98569 46
1746891431265 0.98406 47
1746891465735 0.975 48
1746891486244 0.98342 49
1746891491068 0.9823054035748487 49
