1746890680123 0.92308 0
1746890686336 0.92308 1
1746890692237 1.0 2
1746890698156 1.0 3
1746890703846 1.0 4
1746890712249 1.0 5
1746890718741 0.73552 6
1746890725628 0.53534 7
1746890731784 0.84615 8
1746890738699 0.30769 9
1746890748308 0.35719 10
1746890755326 0.61538 11
1746890765997 0.27625 12
1746890778038 0.5268 13
1746890784824 0.69231 14
1746890796057 0.75464 15
1746890803952 0.30769 16
1746890813343 0.30769 17
1746890823674 0.53846 18
1746890830753 0.5198 19
1746890847270 0.46154 20
1746890868735 0.76923 21
1746890886993 0.76923 22
1746890905774 0.53846 23
1746890925620 0.92308 24
1746890947504 0.61538 25
1746890959176 0.61538 26
1746890979763 0.92308 27
1746891008365 0.92308 28
1746891032484 0.84615 29
1746891056555 0.92308 30
1746891075455 0.53846 31
1746891106864 0.53846 32
1746891128582 0.53846 33
1746891155683 0.92308 34
1746891186587 0.61538 35
1746891211106 0.30769 36
1746891231496 0.61538 37
1746891259150 0.53846 38
1746891284287 0.53846 39
1746891306969 0.92308 40
1746891324868 0.30769 41
1746891335116 0.61538 42
1746891356599 0.84615 43
1746891374309 0.61538 44
1746891390563 0.84615 45
1746891410764 0.92308 46
1746891431265 0.30769 47
1746891465735 0.53846 48
1746891486244 0.30769 49
1746891491068 0.5384615384615384 49
