1746935915262 0.22545 0
1746935919661 0.24885 1
1746935925509 0.27604 2
1746935931382 0.3058 3
1746935939744 0.24547 4
1746935945604 0.24869 5
1746935951724 0.28834 6
1746935961295 0.39454 7
1746935966858 0.40585 8
1746935973295 0.38873 9
1746935983808 0.29607 10
1746935989758 0.3823 11
1746935998598 0.49687 12
1746936006787 0.40031 13
1746936012269 0.41929 14
1746936019505 0.53764 15
1746936027210 0.55197 16
1746936034979 0.39817 17
1746936039367 0.39817 18
1746936047314 0.44791 19
1746936054287 0.50955 20
1746936058459 0.50955 21
1746936067122 0.55715 22
1746936073737 0.66411 23
1746936077649 0.66411 24
1746936084930 0.62583 25
1746936091816 0.59213 26
1746936096049 0.59213 27
1746936102545 0.50841 28
1746936111032 0.62094 29
1746936116444 0.62094 30
1746936123400 0.71918 31
1746936129754 0.65375 32
1746936136215 0.64922 33
1746936141372 0.64922 34
1746936150217 0.69025 35
1746936156617 0.65137 36
1746936160660 0.65137 37
1746936168733 0.65617 38
1746936176269 0.65286 39
1746936185304 0.65286 40
1746936197543 0.67251 41
1746936208916 0.70662 42
1746936217537 0.70662 43
1746936228847 0.69946 44
1746936242954 0.72503 45
1746936250905 0.72503 46
1746936262577 0.72886 47
1746936273670 0.67485 48
1746936284858 0.64392 49
1746936294210 0.64392 50
1746936307350 0.66284 51
1746936317858 0.65849 52
1746936328113 0.65849 53
1746936341121 0.64995 54
1746936358012 0.68173 55
1746936368573 0.68173 56
1746936382145 0.66565 57
1746936394549 0.64982 58
1746936406077 0.72047 59
1746936419986 0.69764 60
1746936430922 0.66744 61
1746936441160 0.66744 62
1746936452673 0.6745 63
1746936464386 0.68946 64
1746936477534 0.7007 65
1746936483648 0.7007 66
1746936496335 0.71891 67
1746936505921 0.71233 68
1746936513750 0.71233 69
1746936523270 0.69919 70
1746936533555 0.71026 71
1746936540673 0.71026 72
1746936551457 0.73882 73
1746936560775 0.73105 74
1746936570126 0.73105 75
1746936581299 0.72142 76
1746936591065 0.7299 77
1746936599907 0.7299 78
1746936610146 0.72639 79
1746936621368 0.71242 80
1746936630471 0.72016 81
1746936640534 0.72016 82
1746936649689 0.71767 83
1746936660133 0.73231 84
1746936668516 0.73231 85
1746936678314 0.7037 86
1746936691170 0.71011 87
1746936698962 0.71011 88
1746936709849 0.6995 89
1746936719681 0.69323 90
1746936728819 0.69323 91
1746936736514 0.68412 92
1746936745009 0.68642 93
1746936752643 0.68642 94
1746936761958 0.67189 95
1746936771262 0.67087 96
1746936782083 0.66166 97
1746936791490 0.66166 98
1746936801160 0.66394 99
1746936805701 0.7388151829376115 99
