1746935915262 0.37483 0
1746935919661 0.4573 1
1746935925509 0.4906 2
1746935931382 0.5284 3
1746935939744 0.41454 4
1746935945604 0.43349 5
1746935951724 0.45178 6
1746935961295 0.52099 7
1746935966858 0.53458 8
1746935973295 0.51838 9
1746935983808 0.43256 10
1746935989758 0.70657 11
1746935998598 0.82973 12
1746936006787 0.67814 13
1746936012269 0.69667 14
1746936019505 0.80778 15
1746936027210 0.79564 16
1746936034979 0.67501 17
1746936039367 0.67501 18
1746936047314 0.7099 19
1746936054287 0.72406 20
1746936058459 0.72406 21
1746936067122 0.81867 22
1746936073737 0.96457 23
1746936077649 0.96457 24
1746936084930 0.9614 25
1746936091816 0.87103 26
1746936096049 0.87103 27
1746936102545 0.79429 28
1746936111032 0.90289 29
1746936116444 0.90289 30
1746936123400 0.9705 31
1746936129754 0.96833 32
1746936136215 0.9705 33
1746936141372 0.9705 34
1746936150217 0.94017 35
1746936156617 0.95406 36
1746936160660 0.95406 37
1746936168733 0.9394 38
1746936176269 0.92591 39
1746936185304 0.92591 40
1746936197543 0.96 41
1746936208916 0.96413 42
1746936217537 0.96413 43
1746936228847 0.995 44
1746936242954 0.995 45
1746936250905 0.995 46
1746936262577 0.995 47
1746936273670 0.995 48
1746936284858 0.995 49
1746936294210 0.995 50
1746936307350 0.97853 51
1746936317858 0.94125 52
1746936328113 0.94125 53
1746936341121 0.9308 54
1746936358012 0.95028 55
1746936368573 0.95028 56
1746936382145 0.889 57
1746936394549 0.90936 58
1746936406077 0.98188 59
1746936419986 0.9671 60
1746936430922 0.95956 61
1746936441160 0.95956 62
1746936452673 0.9569 63
1746936464386 0.95036 64
1746936477534 0.94636 65
1746936483648 0.94636 66
1746936496335 0.94833 67
1746936505921 0.95689 68
1746936513750 0.95689 69
1746936523270 0.95689 70
1746936533555 0.96253 71
1746936540673 0.96253 72
1746936551457 0.96253 73
1746936560775 0.96253 74
1746936570126 0.96253 75
1746936581299 0.96688 76
1746936591065 0.96413 77
1746936599907 0.96413 78
1746936610146 0.97238 79
1746936621368 0.97238 80
1746936630471 0.98188 81
1746936640534 0.98188 82
1746936649689 0.98188 83
1746936660133 0.97853 84
1746936668516 0.97853 85
1746936678314 0.97556 86
1746936691170 0.97556 87
1746936698962 0.97556 88
1746936709849 0.9705 89
1746936719681 0.96 90
1746936728819 0.96 91
1746936736514 0.95344 92
1746936745009 0.951 93
1746936752643 0.951 94
1746936761958 0.93944 95
1746936771262 0.93489 96
1746936782083 0.9373 97
1746936791490 0.9373 98
1746936801160 0.939 99
1746936805701 0.962529411764706 99
