1746935915262 0.008 0
1746935919661 0.008 1
1746935925509 0.008 2
1746935931382 0.00867 3
1746935939744 0.00733 4
1746935945604 0.01144 5
1746935951724 1.0 6
1746935961295 0.95199 7
1746935966858 0.96337 8
1746935973295 0.90052 9
1746935983808 0.97754 10
1746935989758 0.88805 11
1746935998598 0.89358 12
1746936006787 0.72841 13
1746936012269 0.69647 14
1746936019505 0.8198 15
1746936027210 0.96377 16
1746936034979 0.89528 17
1746936039367 0.89528 18
1746936047314 1.0 19
1746936054287 0.8988 20
1746936058459 0.8988 21
1746936067122 0.84896 22
1746936073737 1.0 23
1746936077649 1.0 24
1746936084930 0.95142 25
1746936091816 0.85069 26
1746936096049 0.85069 27
1746936102545 0.86089 28
1746936111032 0.77884 29
1746936116444 0.77884 30
1746936123400 0.98103 31
1746936129754 1.0 32
1746936136215 0.91855 33
1746936141372 0.91855 34
1746936150217 0.91422 35
1746936156617 0.92139 36
1746936160660 0.92139 37
1746936168733 0.9166 38
1746936176269 0.9158 39
1746936185304 0.9158 40
1746936197543 1.0 41
1746936208916 0.99042 42
1746936217537 0.99042 43
1746936228847 1.0 44
1746936242954 0.99178 45
1746936250905 0.99178 46
1746936262577 0.99283 47
1746936273670 1.0 48
1746936284858 1.0 49
1746936294210 1.0 50
1746936307350 0.99484 51
1746936317858 0.99159 52
1746936328113 0.99159 53
1746936341121 0.99082 54
1746936358012 0.98396 55
1746936368573 0.98396 56
1746936382145 0.99525 57
1746936394549 1.0 58
1746936406077 1.0 59
1746936419986 1.0 60
1746936430922 0.98786 61
1746936441160 0.98786 62
1746936452673 0.98638 63
1746936464386 0.99272 64
1746936477534 0.98583 65
1746936483648 0.98583 66
1746936496335 0.98612 67
1746936505921 0.98749 68
1746936513750 0.98749 69
1746936523270 0.98824 70
1746936533555 0.99 71
1746936540673 0.99 72
1746936551457 0.99042 73
1746936560775 0.99108 74
1746936570126 0.99108 75
1746936581299 0.99065 76
1746936591065 0.98996 77
1746936599907 0.98996 78
1746936610146 0.90891 79
1746936621368 0.90825 80
1746936630471 1.0 81
1746936640534 1.0 82
1746936649689 1.0 83
1746936660133 0.99918 84
1746936668516 0.99918 85
1746936678314 0.99818 86
1746936691170 0.99937 87
1746936698962 0.99937 88
1746936709849 0.99953 89
1746936719681 0.9979 90
1746936728819 0.9979 91
1746936736514 0.9999 92
1746936745009 1.0 93
1746936752643 1.0 94
1746936761958 1.0 95
1746936771262 0.99338 96
1746936782083 1.0 97
1746936791490 1.0 98
1746936801160 1.0 99
1746936805701 0.9903300552464411 99
