1746935915262 0.92308 0
1746935919661 0.92308 1
1746935925509 0.92308 2
1746935931382 1.0 3
1746935939744 0.84615 4
1746935945604 0.61538 5
1746935951724 0.21933 6
1746935961295 0.46154 7
1746935966858 0.46154 8
1746935973295 0.46154 9
1746935983808 0.30769 10
1746935989758 0.61074 11
1746935998598 0.76923 12
1746936006787 0.69231 13
1746936012269 0.76923 14
1746936019505 0.70051 15
1746936027210 0.69231 16
1746936034979 0.69231 17
1746936039367 0.69231 18
1746936047314 0.68697 19
1746936054287 0.69231 20
1746936058459 0.69231 21
1746936067122 0.69231 22
1746936073737 0.90175 23
1746936077649 0.90175 24
1746936084930 0.92308 25
1746936091816 0.87793 26
1746936096049 0.87793 27
1746936102545 0.61538 28
1746936111032 0.81406 29
1746936116444 0.81406 30
1746936123400 0.92308 31
1746936129754 0.91422 32
1746936136215 0.92308 33
1746936141372 0.92308 34
1746936150217 0.92308 35
1746936156617 0.90281 36
1746936160660 0.90281 37
1746936168733 0.84546 38
1746936176269 0.8374 39
1746936185304 0.8374 40
1746936197543 0.91242 41
1746936208916 0.84615 42
1746936217537 0.84615 43
1746936228847 0.99719 44
1746936242954 1.0 45
1746936250905 1.0 46
1746936262577 1.0 47
1746936273670 0.99872 48
1746936284858 0.99247 49
1746936294210 0.99247 50
1746936307350 0.92308 51
1746936317858 0.92308 52
1746936328113 0.92308 53
1746936341121 0.92308 54
1746936358012 0.92308 55
1746936368573 0.92308 56
1746936382145 0.84615 57
1746936394549 0.8336 58
1746936406077 0.91021 59
1746936419986 0.8278 60
1746936430922 0.84615 61
1746936441160 0.84615 62
1746936452673 0.84615 63
1746936464386 0.84615 64
1746936477534 0.84615 65
1746936483648 0.84615 66
1746936496335 0.84615 67
1746936505921 0.84615 68
1746936513750 0.84615 69
1746936523270 0.84615 70
1746936533555 0.84615 71
1746936540673 0.84615 72
1746936551457 0.84615 73
1746936560775 0.84615 74
1746936570126 0.84615 75
1746936581299 0.84615 76
1746936591065 0.84615 77
1746936599907 0.84615 78
1746936610146 0.92308 79
1746936621368 0.92308 80
1746936630471 0.9197 81
1746936640534 0.9197 82
1746936649689 0.9213 83
1746936660133 0.92308 84
1746936668516 0.92308 85
1746936678314 0.92308 86
1746936691170 0.92308 87
1746936698962 0.92308 88
1746936709849 0.92308 89
1746936719681 0.92308 90
1746936728819 0.92308 91
1746936736514 0.92308 92
1746936745009 0.92131 93
1746936752643 0.92131 94
1746936761958 0.91876 95
1746936771262 0.92308 96
1746936782083 0.90738 97
1746936791490 0.90738 98
1746936801160 0.89449 99
1746936805701 0.8461538461538461 99
