1746883676150 0.22545 0
1746883687957 0.24885 1
1746883696269 0.27357 2
1746883705495 0.27998 3
1746883713529 0.26526 4
1746883723364 0.29557 5
1746883733772 0.31414 6
1746883753675 0.36335 7
1746883764526 0.39996 8
1746883773100 0.24577 9
1746883782728 0.49493 10
1746883789513 0.49493 11
1746883798364 0.34908 12
1746883806906 0.45951 13
1746883813873 0.45951 14
1746883823321 0.51446 15
1746883832917 0.56016 16
1746883842331 0.45285 17
1746883851871 0.45285 18
1746883861566 0.5194 19
1746883871551 0.56192 20
1746883882116 0.56192 21
1746883891297 0.58767 22
1746883901420 0.67056 23
1746883914928 0.67056 24
1746883933332 0.68479 25
1746883945847 0.69063 26
1746883960742 0.69063 27
1746883970000 0.73267 28
1746883980657 0.75489 29
1746883991142 0.75489 30
1746884000402 0.71895 31
1746884010649 0.69173 32
1746884022763 0.67267 33
1746884035474 0.67267 34
1746884054611 0.68301 35
1746884071884 0.70891 36
1746884081964 0.70891 37
1746884104378 0.70583 38
1746884126226 0.68303 39
1746884137230 0.68303 40
1746884147952 0.66704 41
1746884156793 0.68217 42
1746884167366 0.68217 43
1746884179972 0.67812 44
1746884190033 0.68252 45
1746884199583 0.68252 46
1746884208463 0.68391 47
1746884220939 0.6857 48
1746884235825 0.68098 49
1746884255153 0.7548964181018288 49
