1746883676150 0.37483 0
1746883687957 0.45731 1
1746883696269 0.48709 2
1746883705495 0.45615 3
1746883713529 0.41757 4
1746883723364 0.5331 5
1746883733772 0.49353 6
1746883753675 0.4915 7
1746883764526 0.56859 8
1746883773100 0.40936 9
1746883782728 0.7944 10
1746883789513 0.7944 11
1746883798364 0.57474 12
1746883806906 0.85985 13
1746883813873 0.85985 14
1746883823321 0.90393 15
1746883832917 0.85734 16
1746883842331 0.83183 17
1746883851871 0.83183 18
1746883861566 0.86115 19
1746883871551 0.90337 20
1746883882116 0.90337 21
1746883891297 0.93667 22
1746883901420 0.97045 23
1746883914928 0.97045 24
1746883933332 0.97853 25
1746883945847 0.97572 26
1746883960742 0.97572 27
1746883970000 0.98429 28
1746883980657 0.995 29
1746883991142 0.995 30
1746884000402 0.995 31
1746884010649 0.98188 32
1746884022763 0.98567 33
1746884035474 0.98567 34
1746884054611 0.97853 35
1746884071884 0.97556 36
1746884081964 0.97556 37
1746884104378 0.95344 38
1746884126226 0.94959 39
1746884137230 0.94959 40
1746884147952 0.94125 41
1746884156793 0.92669 42
1746884167366 0.92669 43
1746884179972 0.92737 44
1746884190033 0.92744 45
1746884199583 0.92744 46
1746884208463 0.93006 47
1746884220939 0.94357 48
1746884235825 0.9472 49
1746884255153 0.995 49
