1746883676150 0.008 0
1746883687957 0.008 1
1746883696269 0.008 2
1746883705495 0.00867 3
1746883713529 0.01254 4
1746883723364 0.00733 5
1746883733772 0.00689 6
1746883753675 0.81427 7
1746883764526 0.85796 8
1746883773100 1.0 9
1746883782728 0.7231 10
1746883789513 0.7231 11
1746883798364 0.53767 12
1746883806906 0.92461 13
1746883813873 0.92461 14
1746883823321 1.0 15
1746883832917 0.98485 16
1746883842331 0.8327 17
1746883851871 0.8327 18
1746883861566 1.0 19
1746883871551 0.87623 20
1746883882116 0.87623 21
1746883891297 0.85643 22
1746883901420 0.97703 23
1746883914928 0.97703 24
1746883933332 1.0 25
1746883945847 0.9877 26
1746883960742 0.9877 27
1746883970000 0.9276 28
1746883980657 1.0 29
1746883991142 1.0 30
1746884000402 1.0 31
1746884010649 0.99266 32
1746884022763 0.99472 33
1746884035474 0.99472 34
1746884054611 0.99646 35
1746884071884 0.99162 36
1746884081964 0.99162 37
1746884104378 0.98855 38
1746884126226 0.99781 39
1746884137230 0.99781 40
1746884147952 1.0 41
1746884156793 0.90355 42
1746884167366 0.90355 43
1746884179972 1.0 44
1746884190033 1.0 45
1746884199583 1.0 46
1746884208463 0.99999 47
1746884220939 0.99715 48
1746884235825 0.99661 49
1746884255153 1.0 49
