1746883676150 0.92308 0
1746883687957 0.92308 1
1746883696269 0.92308 2
1746883705495 1.0 3
1746883713529 0.61538 4
1746883723364 0.84615 5
1746883733772 0.69231 6
1746883753675 0.46154 7
1746883764526 0.46504 8
1746883773100 0.27983 9
1746883782728 0.76923 10
1746883789513 0.76923 11
1746883798364 0.7166 12
1746883806906 0.69231 13
1746883813873 0.69231 14
1746883823321 0.83812 15
1746883832917 0.69231 16
1746883842331 0.766 17
1746883851871 0.766 18
1746883861566 0.69099 19
1746883871551 0.76923 20
1746883882116 0.76923 21
1746883891297 1.0 22
1746883901420 0.84615 23
1746883914928 0.84615 24
1746883933332 0.91359 25
1746883945847 0.84615 26
1746883960742 0.84615 27
1746883970000 0.98636 28
1746883980657 0.99565 29
1746883991142 0.99565 30
1746884000402 0.99401 31
1746884010649 0.92308 32
1746884022763 0.92308 33
1746884035474 0.92308 34
1746884054611 0.92308 35
1746884071884 0.92308 36
1746884081964 0.92308 37
1746884104378 0.92308 38
1746884126226 0.92308 39
1746884137230 0.92308 40
1746884147952 0.90816 41
1746884156793 0.92308 42
1746884167366 0.92308 43
1746884179972 0.91295 44
1746884190033 0.91968 45
1746884199583 0.91968 46
1746884208463 0.92308 47
1746884220939 0.92308 48
1746884235825 0.92308 49
1746884255153 0.9957464350342914 49
