1746918411130 0.0021000000000000003 0
1746918662665 0.0041581 1
1746918754802 0.006071000000000001 2
1746919089561 0.0078387 3
1746919556521 0.00868 4
1746919682986 0.008350000000000002 5
1746919890985 0.008020000000000001 6
1746919973309 0.007689999999999999 7
1746920134230 0.007360000000000001 8
1746920283252 0.00703 9
1746920393371 0.0067 10
1746920418466 0.006370000000000001 11
1746920531017 0.00604 12
1746920758635 0.00571 13
1746920911155 0.00538 14
1746920924427 0.00505 15
1746920942700 0.00472 16
1746920959187 0.00439 17
1746920976032 0.00406 18
1746921015660 0.0037300000000000007 19
1746921092255 0.0034000000000000002 20
1746921129018 0.0030700000000000007 21
1746921216947 0.0027400000000000007 22
1746921573472 0.00241 23
1746922580731 0.00208 24
1746922823830 0.0017499999999999996 25
1746923847128 0.0014199999999999998 26
1746924522021 0.0010899999999999998 27
1746924554947 0.0007599999999999998 28
1746925587085 0.00043 29
