1746898673487 0.0955 0
1746898677216 0.09007822 1
1746898686150 0.08463268 2
1746898694484 0.07916338 3
1746898701271 0.07367032 4
1746898708586 0.0681535 5
1746898712259 0.06261292 6
1746898720457 0.05704858 7
1746898727348 0.05146048 8
1746898734007 0.04584862 9
1746898742249 0.040213000000000006 10
1746898812051 0.03455362 11
1746898838351 0.028870480000000004 12
1746898856390 0.023163580000000007 13
1746898893823 0.01743292 14
1746898912916 0.011678499999999996 15
1746898916469 0.0068319999999999995 16
1746898958003 0.006633999999999999 17
1746898993951 0.006436000000000001 18
1746899028463 0.0062380000000000005 19
1746899036783 0.00604 20
1746899082120 0.005842000000000001 21
1746899146329 0.005644000000000001 22
1746899184342 0.005446000000000001 23
1746899219178 0.005248000000000001 24
1746899261570 0.00505 25
1746899365213 0.0048519999999999995 26
1746899396503 0.004654 27
1746899413523 0.004456 28
1746899450416 0.0042580000000000005 29
1746899496887 0.00406 30
1746899505071 0.003862 31
1746899527339 0.003664 32
1746899553033 0.003466 33
1746899561005 0.003268 34
1746899586495 0.0030700000000000007 35
1746899619236 0.002872 36
1746899654242 0.002674 37
1746899693429 0.002476 38
1746899731333 0.0022779999999999996 39
1746899771662 0.00208 40
1746899814691 0.0018820000000000006 41
1746899822867 0.0016840000000000006 42
1746899856091 0.0014860000000000001 43
1746899896387 0.001288 44
1746899983659 0.0010899999999999998 45
1746900017061 0.0008919999999999996 46
1746900047880 0.0006940000000000005 47
1746900056322 0.0004960000000000005 48
1746900074216 0.0002980000000000002 49
