1746891497662 1.47377 0
1746891501705 1.25972 1
1746891505621 1.13252 2
1746891512069 1.2249 3
1746891521958 1.22887 4
1746891527813 1.32974 5
1746891533584 1.08757 6
1746891539428 1.16342 7
1746891546236 1.16721 8
1746891556496 1.16236 9
1746891565823 1.23111 10
1746891572730 1.02047 11
1746891583962 1.06875 12
1746891590963 1.19034 13
1746891597612 1.08852 14
1746891604645 1.19658 15
1746891611626 1.08313 16
1746891618039 1.06981 17
1746891624842 1.15828 18
1746891631739 1.07665 19
1746891638617 0.87156 20
1746891645742 0.87726 21
1746891656955 0.90781 22
1746891664013 0.89806 23
1746891672129 0.89739 24
1746891679195 0.88211 25
1746891686927 0.90282 26
1746891693386 0.83454 27
1746891700308 0.81171 28
1746891707939 0.83517 29
