1746891497662 3.76028 0
1746891501705 3.88476 1
1746891505621 3.48438 2
1746891512069 3.35094 3
1746891521958 3.1625 4
1746891527813 3.16396 5
1746891533584 2.4793 6
1746891539428 2.11557 7
1746891546236 5.18213 8
1746891556496 2.48559 9
1746891565823 2.35025 10
1746891572730 1.85492 11
1746891583962 1.70421 12
1746891590963 1.90877 13
1746891597612 1.68285 14
1746891604645 1.49003 15
1746891611626 1.55531 16
1746891618039 1.6171 17
1746891624842 1.5265 18
1746891631739 1.91316 19
1746891638617 1.62126 20
1746891645742 1.52447 21
1746891656955 1.5599 22
1746891664013 1.4836 23
1746891672129 1.6016 24
1746891679195 1.60683 25
1746891686927 1.56828 26
1746891693386 1.5157 27
1746891700308 1.40075 28
1746891707939 1.41349 29
