1746891497662 1.21913 0
1746891501705 1.18411 1
1746891505621 1.14193 2
1746891512069 1.08281 3
1746891521958 1.09279 4
1746891527813 1.1612 5
1746891533584 1.09958 6
1746891539428 1.05588 7
1746891546236 0.99308 8
1746891556496 1.01191 9
1746891565823 1.07745 10
1746891572730 0.96932 11
1746891583962 1.006 12
1746891590963 1.16826 13
1746891597612 1.06774 14
1746891604645 1.075 15
1746891611626 1.02737 16
1746891618039 1.03099 17
1746891624842 1.07312 18
1746891631739 1.04868 19
1746891638617 0.96982 20
1746891645742 0.99874 21
1746891656955 0.96986 22
1746891664013 0.98521 23
1746891672129 0.96839 24
1746891679195 0.97414 25
1746891686927 1.0106 26
1746891693386 0.9698 27
1746891700308 0.93593 28
1746891707939 0.94244 29
