1746918658293 0.02879 0
1746918750463 0.00062 1
1746919085276 0.00104 2
1746919552380 0.01034 3
1746919678618 0.0055 4
1746919886791 0.00233 5
1746919969072 0.00072 6
1746920129876 0.01577 7
1746920279122 0.00345 8
1746920388953 0.00345 9
1746920414278 0.01841 10
1746920526545 0.0185 11
1746920754389 0.02419 12
1746920906817 0.01252 13
1746920920198 0.01244 14
1746920938413 0.01786 15
1746920954961 0.01174 16
1746920971954 0.00262 17
1746921011375 0.0131 18
1746921087989 0.05751 19
1746921124850 0.09343 20
1746921212824 0.06503 21
1746921569310 0.06352 22
1746922576673 0.06104 23
1746922819768 0.04382 24
1746923843040 0.07055 25
1746924517938 0.09035 26
1746924550759 0.08783 27
1746925582879 0.09457 28
1746926416557 0.10224 29
1746927648430 0.14059555632700124 29
