1746918658293 0.08015 0
1746918750463 0.00162 1
1746919085276 0.00119 2
1746919552380 0.0216 3
1746919678618 0.01264 4
1746919886791 0.00456 5
1746919969072 0.0013 6
1746920129876 0.04013 7
1746920279122 0.00896 8
1746920388953 0.00626 9
1746920414278 0.07684 10
1746920526545 0.07792 11
1746920754389 0.07577 12
1746920906817 0.00989 13
1746920920198 0.00988 14
1746920938413 0.04936 15
1746920954961 0.03092 16
1746920971954 0.00573 17
1746921011375 0.0261 18
1746921087989 0.13022 19
1746921124850 0.21371 20
1746921212824 0.19441 21
1746921569310 0.14918 22
1746922576673 0.10563 23
1746922819768 0.07411 24
1746923843040 0.12509 25
1746924517938 0.19757 26
1746924550759 0.19303 27
1746925582879 0.1983 28
1746926416557 0.1945 29
1746927648430 0.24692203138681215 29
