1746918658293 0.00833 0
1746918750463 0.00234 1
1746919085276 0.00167 2
1746919552380 0.06583 3
1746919678618 0.02023 4
1746919886791 0.00971 5
1746919969072 0.00222 6
1746920129876 0.25 7
1746920279122 0.08333 8
1746920388953 0.01515 9
1746920414278 0.00338 10
1746920526545 0.0058 11
1746920754389 0.16667 12
1746920906817 0.08333 13
1746920920198 0.08333 14
1746920938413 0.2061 15
1746920954961 0.11724 16
1746920971954 0.00962 17
1746921011375 0.11915 18
1746921087989 0.18262 19
1746921124850 0.30013 20
1746921212824 0.63234 21
1746921569310 0.16822 22
1746922576673 0.31014 23
1746922819768 0.31014 24
1746923843040 0.45333 25
1746924517938 0.36819 26
1746924550759 0.36819 27
1746925582879 0.24485 28
1746926416557 0.30245 29
1746927648430 0.5234708701459209 29
