1746918658293 0.30769 0
1746918750463 0.07692 1
1746919085276 0.07692 2
1746919552380 0.07692 3
1746919678618 0.23077 4
1746919886791 0.23077 5
1746919969072 0.15385 6
1746920129876 0.07692 7
1746920279122 0.07692 8
1746920388953 0.07692 9
1746920414278 0.07692 10
1746920526545 0.30769 11
1746920754389 0.07692 12
1746920906817 0.07692 13
1746920920198 0.07692 14
1746920938413 0.15385 15
1746920954961 0.07692 16
1746920971954 0.23077 17
1746921011375 0.15385 18
1746921087989 0.15385 19
1746921124850 0.23077 20
1746921212824 0.15385 21
1746921569310 0.30769 22
1746922576673 0.15385 23
1746922819768 0.15385 24
1746923843040 0.15385 25
1746924517938 0.23077 26
1746924550759 0.23077 27
1746925582879 0.38462 28
1746926416557 0.38462 29
1746927648430 0.3076923076923077 29
