1746954988135 0.86539 0
1746954996871 0.94038 1
1746955005085 0.73272 2
1746955014412 0.95064 3
1746955022935 0.87124 4
1746955031886 0.95533 5
1746955040973 0.50041 6
1746955050682 0.23045 7
1746955059969 0.34817 8
1746955070565 0.65232 9
1746955083706 0.31852 10
1746955096532 0.54482 11
1746955112079 0.82049 12
1746955126458 0.80326 13
1746955134131 0.80326 14
1746955146294 0.92792 15
1746955157079 0.91895 16
1746955167552 0.92274 17
1746955174794 0.92274 18
1746955184312 0.94769 19
1746955193584 0.81105 20
1746955204579 0.82833 21
1746955213020 0.82833 22
1746955224565 0.8977 23
1746955237109 0.91597 24
1746955249325 0.87724 25
1746955256728 0.87724 26
1746955270134 0.92106 27
1746955281744 0.79503 28
1746955293755 0.73312 29
1746955302211 0.73312 30
1746955313691 0.90525 31
1746955326188 0.89407 32
1746955337707 0.86157 33
1746955345177 0.86157 34
1746955357578 0.81652 35
1746955370117 0.78637 36
1746955383872 0.85113 37
1746955391590 0.85113 38
1746955404197 0.94396 39
1746955420409 0.93166 40
1746955433111 0.89638 41
1746955444930 0.89638 42
1746955458896 0.90867 43
1746955474611 0.9575 44
1746955487171 0.99 45
1746955498763 0.99 46
1746955517091 0.94568 47
1746955531600 0.92575 48
1746955545866 0.91378 49
1746955555626 0.91378 50
1746955570692 0.92051 51
1746955585565 0.92736 52
1746955598167 0.92805 53
1746955611788 0.92805 54
1746955626057 0.92924 55
1746955640640 0.92991 56
1746955657294 0.93953 57
1746955669212 0.93953 58
1746955686446 0.97238 59
1746955700049 0.99 60
1746955714133 0.99 61
1746955726661 0.99 62
1746955744427 0.99 63
1746955758684 0.98567 64
1746955774139 0.99 65
1746955787490 0.99 66
1746955800052 0.99 67
1746955811144 0.995 68
1746955825499 0.98429 69
1746955841346 0.98429 70
1746955857704 0.99 71
1746955870166 0.99 72
1746955884084 0.995 73
1746955894539 0.995 74
1746955907218 0.995 75
1746955924118 0.98567 76
1746955936334 0.98567 77
1746955948626 0.98567 78
1746955961915 0.99 79
1746955975782 0.99 80
1746955988464 0.99 81
1746955997582 0.99 82
1746956009217 0.98567 83
1746956021138 0.97556 84
1746956034656 0.9575 85
1746956047883 0.9575 86
1746956064702 0.94561 87
1746956079950 0.92776 88
1746956091378 0.92758 89
1746956104122 0.92758 90
1746956119663 0.9324 91
1746956131416 0.93205 92
1746956142964 0.92527 93
1746956154591 0.92527 94
1746956165159 0.93067 95
1746956175907 0.93098 96
1746956189331 0.9309 97
1746956200478 0.9309 98
1746956213381 0.93075 99
1746956217114 0.9900000000000002 99
