1746954988135 0.49188 0
1746954996871 0.51907 1
1746955005085 0.44634 2
1746955014412 0.58372 3
1746955022935 0.49336 4
1746955031886 0.61251 5
1746955040973 0.34036 6
1746955050682 0.15191 7
1746955059969 0.22619 8
1746955070565 0.38273 9
1746955083706 0.21491 10
1746955096532 0.37736 11
1746955112079 0.54672 12
1746955126458 0.54623 13
1746955134131 0.54623 14
1746955146294 0.59438 15
1746955157079 0.60331 16
1746955167552 0.54132 17
1746955174794 0.54132 18
1746955184312 0.56271 19
1746955193584 0.39768 20
1746955204579 0.51732 21
1746955213020 0.51732 22
1746955224565 0.53569 23
1746955237109 0.60008 24
1746955249325 0.6505 25
1746955256728 0.6505 26
1746955270134 0.61466 27
1746955281744 0.52918 28
1746955293755 0.42232 29
1746955302211 0.42232 30
1746955313691 0.52043 31
1746955326188 0.58484 32
1746955337707 0.51494 33
1746955345177 0.51494 34
1746955357578 0.52937 35
1746955370117 0.5869 36
1746955383872 0.60149 37
1746955391590 0.60149 38
1746955404197 0.64075 39
1746955420409 0.61923 40
1746955433111 0.61269 41
1746955444930 0.61269 42
1746955458896 0.63698 43
1746955474611 0.65909 44
1746955487171 0.64267 45
1746955498763 0.64267 46
1746955517091 0.68018 47
1746955531600 0.65167 48
1746955545866 0.61603 49
1746955555626 0.61603 50
1746955570692 0.61735 51
1746955585565 0.63233 52
1746955598167 0.63338 53
1746955611788 0.63338 54
1746955626057 0.64195 55
1746955640640 0.65947 56
1746955657294 0.67536 57
1746955669212 0.67536 58
1746955686446 0.68994 59
1746955700049 0.68499 60
1746955714133 0.68538 61
1746955726661 0.68538 62
1746955744427 0.67276 63
1746955758684 0.68705 64
1746955774139 0.68569 65
1746955787490 0.68569 66
1746955800052 0.70075 67
1746955811144 0.67962 68
1746955825499 0.6369 69
1746955841346 0.6369 70
1746955857704 0.64345 71
1746955870166 0.6835 72
1746955884084 0.70879 73
1746955894539 0.70879 74
1746955907218 0.72899 75
1746955924118 0.73176 76
1746955936334 0.72326 77
1746955948626 0.72326 78
1746955961915 0.73614 79
1746955975782 0.74504 80
1746955988464 0.72918 81
1746955997582 0.72918 82
1746956009217 0.73244 83
1746956021138 0.74025 84
1746956034656 0.71385 85
1746956047883 0.71385 86
1746956064702 0.70395 87
1746956079950 0.69846 88
1746956091378 0.71418 89
1746956104122 0.71418 90
1746956119663 0.7134 91
1746956131416 0.71303 92
1746956142964 0.71644 93
1746956154591 0.71644 94
1746956165159 0.72215 95
1746956175907 0.72132 96
1746956189331 0.70934 97
1746956200478 0.70934 98
1746956213381 0.70667 99
1746956217114 0.7450438032581455 99
