1746954988135 0.84607 0
1746954996871 0.99427 1
1746955005085 0.81295 2
1746955014412 0.90379 3
1746955022935 0.97883 4
1746955031886 0.95868 5
1746955040973 0.39772 6
1746955050682 0.20806 7
1746955059969 0.28039 8
1746955070565 0.79275 9
1746955083706 0.48801 10
1746955096532 0.76431 11
1746955112079 0.9161 12
1746955126458 0.67044 13
1746955134131 0.67044 14
1746955146294 0.86503 15
1746955157079 0.89627 16
1746955167552 0.85009 17
1746955174794 0.85009 18
1746955184312 0.88913 19
1746955193584 0.70535 20
1746955204579 0.95094 21
1746955213020 0.95094 22
1746955224565 1.0 23
1746955237109 0.90342 24
1746955249325 0.84117 25
1746955256728 0.84117 26
1746955270134 0.91924 27
1746955281744 0.61968 28
1746955293755 0.62941 29
1746955302211 0.62941 30
1746955313691 0.93255 31
1746955326188 0.97433 32
1746955337707 0.69619 33
1746955345177 0.69619 34
1746955357578 0.87363 35
1746955370117 0.98355 36
1746955383872 0.99075 37
1746955391590 0.99075 38
1746955404197 0.98743 39
1746955420409 0.9807 40
1746955433111 0.91384 41
1746955444930 0.91384 42
1746955458896 0.91595 43
1746955474611 0.97904 44
1746955487171 0.98616 45
1746955498763 0.98616 46
1746955517091 0.97954 47
1746955531600 0.97421 48
1746955545866 0.91422 49
1746955555626 0.91422 50
1746955570692 0.91145 51
1746955585565 0.98563 52
1746955598167 0.98671 53
1746955611788 0.98671 54
1746955626057 0.98768 55
1746955640640 1.0 56
1746955657294 0.99176 57
1746955669212 0.99176 58
1746955686446 0.98643 59
1746955700049 0.92811 60
1746955714133 0.91812 61
1746955726661 0.91812 62
1746955744427 0.99255 63
1746955758684 0.98931 64
1746955774139 0.98852 65
1746955787490 0.98852 66
1746955800052 0.91144 67
1746955811144 0.99606 68
1746955825499 0.92776 69
1746955841346 0.92776 70
1746955857704 0.92727 71
1746955870166 0.92617 72
1746955884084 0.94425 73
1746955894539 0.94425 74
1746955907218 1.0 75
1746955924118 0.98146 76
1746955936334 0.98746 77
1746955948626 0.98746 78
1746955961915 0.98771 79
1746955975782 0.92793 80
1746955988464 0.92795 81
1746955997582 0.92795 82
1746956009217 0.97863 83
1746956021138 0.98695 84
1746956034656 1.0 85
1746956047883 1.0 86
1746956064702 0.91818 87
1746956079950 0.91847 88
1746956091378 0.91831 89
1746956104122 0.91831 90
1746956119663 1.0 91
1746956131416 1.0 92
1746956142964 0.91625 93
1746956154591 0.91625 94
1746956165159 0.99399 95
1746956175907 0.99379 96
1746956189331 0.99346 97
1746956200478 0.99346 98
1746956213381 0.99304 99
1746956217114 0.9279128678207875 99
