1746954988135 0.84615 0
1746954996871 0.84615 1
1746955005085 0.53846 2
1746955014412 0.92308 3
1746955022935 0.76923 4
1746955031886 0.92308 5
1746955040973 0.84615 6
1746955050682 0.70761 7
1746955059969 0.46154 8
1746955070565 0.61538 9
1746955083706 0.30769 10
1746955096532 0.53846 11
1746955112079 0.84615 12
1746955126458 0.84615 13
1746955134131 0.84615 14
1746955146294 0.92308 15
1746955157079 0.92308 16
1746955167552 0.87372 17
1746955174794 0.87372 18
1746955184312 0.92308 19
1746955193584 0.73794 20
1746955204579 0.69231 21
1746955213020 0.69231 22
1746955224565 0.82379 23
1746955237109 0.92308 24
1746955249325 0.81625 25
1746955256728 0.81625 26
1746955270134 0.87704 27
1746955281744 0.84615 28
1746955293755 0.91491 29
1746955302211 0.91491 30
1746955313691 0.69231 31
1746955326188 0.76923 32
1746955337707 0.88253 33
1746955345177 0.88253 34
1746955357578 0.76923 35
1746955370117 0.76923 36
1746955383872 0.76923 37
1746955391590 0.76923 38
1746955404197 0.92308 39
1746955420409 0.84615 40
1746955433111 0.81741 41
1746955444930 0.81741 42
1746955458896 0.83888 43
1746955474611 0.92308 44
1746955487171 0.92308 45
1746955498763 0.92308 46
1746955517091 0.92308 47
1746955531600 0.92308 48
1746955545866 0.92308 49
1746955555626 0.92308 50
1746955570692 0.92308 51
1746955585565 0.92308 52
1746955598167 0.92308 53
1746955611788 0.92308 54
1746955626057 0.92308 55
1746955640640 0.91809 56
1746955657294 0.84615 57
1746955669212 0.84615 58
1746955686446 0.84615 59
1746955700049 0.99353 60
1746955714133 1.0 61
1746955726661 1.0 62
1746955744427 0.92308 63
1746955758684 0.92308 64
1746955774139 0.92308 65
1746955787490 0.92308 66
1746955800052 1.0 67
1746955811144 1.0 68
1746955825499 0.98859 69
1746955841346 0.98859 70
1746955857704 0.98183 71
1746955870166 0.96637 72
1746955884084 1.0 73
1746955894539 1.0 74
1746955907218 0.98239 75
1746955924118 0.92308 76
1746955936334 0.92308 77
1746955948626 0.92308 78
1746955961915 0.92308 79
1746955975782 0.99096 80
1746955988464 0.99124 81
1746955997582 0.99124 82
1746956009217 0.92308 83
1746956021138 0.92308 84
1746956034656 0.9042 85
1746956047883 0.9042 86
1746956064702 0.92308 87
1746956079950 0.92308 88
1746956091378 0.92308 89
1746956104122 0.92308 90
1746956119663 0.9044 91
1746956131416 0.89936 92
1746956142964 0.92308 93
1746956154591 0.92308 94
1746956165159 0.92308 95
1746956175907 0.92308 96
1746956189331 0.92308 97
1746956200478 0.92308 98
1746956213381 0.92308 99
1746956217114 0.9907801494910241 99
