1746953455227 4e-05 0
1746953459469 9.802e-05 1
1746953463539 0.000153664 2
1746953467608 0.00020693199999999998 3
1746953471946 0.00025782400000000003 4
1746953476100 0.00030634 5
1746953480243 0.00035247999999999996 6
1746953484143 0.000396244 7
1746953488539 0.00043763200000000003 8
1746953492987 0.0004766440000000001 9
1746953497430 0.0005132800000000001 10
1746953504081 0.00054754 11
1746953509688 0.000579424 12
1746953513524 0.0006089320000000001 13
1746953517487 0.000636064 14
1746953521525 0.00066082 15
1746953525426 0.0006831999999999999 16
1746953529726 0.0007032039999999998 17
1746953533958 0.000720832 18
1746953538345 0.000736084 19
1746953542459 0.0007489600000000001 20
1746953546426 0.0007594600000000001 21
1746953550200 0.0007675840000000001 22
1746953553886 0.0007733320000000002 23
1746953557797 0.000776704 24
1746953562261 0.0007777 25
1746953565958 0.0007763199999999999 26
1746953569510 0.000772564 27
1746953574103 0.0007664319999999998 28
1746953579476 0.0007579240000000001 29
1746953584220 0.0007470400000000001 30
1746953590517 0.0007337800000000001 31
1746953596087 0.000718144 32
1746953600565 0.0006931999999999999 33
1746953608102 0.0006536 34
1746953613748 0.0006140000000000001 35
1746953619372 0.0005744000000000001 36
1746953623095 0.0005348000000000001 37
1746953627775 0.0004952 38
1746953633599 0.00045559999999999996 39
1746953640791 0.0004159999999999999 40
1746953645308 0.00037640000000000015 41
1746953652780 0.0003368000000000001 42
1746953658635 0.0002972 43
1746953664492 0.00025760000000000003 44
1746953668714 0.00021799999999999996 45
1746953676228 0.00017839999999999992 46
1746953680770 0.0001388000000000001 47
1746953685521 9.920000000000008e-05 48
1746953689423 5.9600000000000046e-05 49
