1746933338267 1.4668 0
1746933345683 1.29679 1
1746933351918 1.17443 2
1746933358452 1.13715 3
1746933364369 1.23516 4
1746933370652 1.23015 5
1746933376367 1.21383 6
1746933382432 1.28074 7
1746933389043 1.07605 8
1746933395602 1.3023 9
1746933403914 1.38847 10
1746933410424 1.23379 11
1746933416819 1.22486 12
1746933423513 1.34721 13
1746933430147 1.25942 14
1746933437652 1.19934 15
1746933445898 1.2011 16
1746933453221 1.19637 17
1746933462068 1.33306 18
1746933467916 1.2364 19
1746933475838 1.2309 20
1746933485637 1.17793 21
1746933492712 1.15134 22
1746933501289 1.17522 23
1746933508483 1.11465 24
1746933518500 1.08942 25
1746933526625 1.05689 26
1746933536805 1.01255 27
1746933544043 1.10593 28
1746933552500 1.05787 29
1746933560443 1.02543 30
1746933567076 1.1041 31
1746933575282 1.0614 32
1746933583912 1.09235 33
1746933592322 1.01078 34
1746933601851 1.13051 35
1746933610368 1.11374 36
1746933618234 0.96524 37
1746933625830 0.99084 38
1746933634320 0.95076 39
1746933642219 0.86234 40
1746933648523 0.82626 41
1746933654840 0.89378 42
1746933663801 0.75077 43
1746933670788 0.83457 44
1746933678405 0.74841 45
1746933687285 0.77991 46
1746933693932 0.79398 47
1746933702473 0.80507 48
1746933712553 0.76448 49
