1746933338267 3.58502 0
1746933345683 3.28372 1
1746933351918 2.42702 2
1746933358452 2.39017 3
1746933364369 2.29966 4
1746933370652 2.36827 5
1746933376367 2.31216 6
1746933382432 2.02903 7
1746933389043 5.20257 8
1746933395602 2.64709 9
1746933403914 2.7645 10
1746933410424 2.46585 11
1746933416819 1.98332 12
1746933423513 2.17911 13
1746933430147 1.91082 14
1746933437652 1.58824 15
1746933445898 1.96649 16
1746933453221 1.79389 17
1746933462068 1.79008 18
1746933467916 2.13323 19
1746933475838 2.03719 20
1746933485637 1.66963 21
1746933492712 1.70783 22
1746933501289 1.92039 23
1746933508483 1.78776 24
1746933518500 1.45034 25
1746933526625 2.14578 26
1746933536805 1.69979 27
1746933544043 1.46371 28
1746933552500 1.4431 29
1746933560443 1.35189 30
1746933567076 1.65949 31
1746933575282 1.4834 32
1746933583912 1.7495 33
1746933592322 1.46167 34
1746933601851 1.38299 35
1746933610368 1.54894 36
1746933618234 1.31023 37
1746933625830 1.42329 38
1746933634320 1.27968 39
1746933642219 1.3705 40
1746933648523 1.35444 41
1746933654840 1.35486 42
1746933663801 1.23311 43
1746933670788 1.46425 44
1746933678405 1.29569 45
1746933687285 1.54164 46
1746933693932 1.29084 47
1746933702473 1.2569 48
1746933712553 1.38966 49
