1746933338267 1.2033 0
1746933345683 1.17502 1
1746933351918 1.10947 2
1746933358452 1.07198 3
1746933364369 1.15598 4
1746933370652 1.20321 5
1746933376367 1.28024 6
1746933382432 1.26793 7
1746933389043 1.129 8
1746933395602 1.25534 9
1746933403914 1.26163 10
1746933410424 1.19087 11
1746933416819 1.17047 12
1746933423513 1.25035 13
1746933430147 1.1716 14
1746933437652 1.10211 15
1746933445898 1.11497 16
1746933453221 1.15633 17
1746933462068 1.24094 18
1746933467916 1.1576 19
1746933475838 1.17619 20
1746933485637 1.21413 21
1746933492712 1.12072 22
1746933501289 1.1373 23
1746933508483 1.17563 24
1746933518500 1.10875 25
1746933526625 1.13872 26
1746933536805 1.08203 27
1746933544043 1.15834 28
1746933552500 1.12427 29
1746933560443 1.15775 30
1746933567076 1.16164 31
1746933575282 1.16419 32
1746933583912 1.08842 33
1746933592322 1.08009 34
1746933601851 1.13664 35
1746933610368 1.13065 36
1746933618234 1.03365 37
1746933625830 1.08795 38
1746933634320 1.03856 39
1746933642219 1.01792 40
1746933648523 0.99255 41
1746933654840 1.03569 42
1746933663801 0.97126 43
1746933670788 0.99212 44
1746933678405 0.96511 45
1746933687285 0.98925 46
1746933693932 0.96607 47
1746933702473 1.01294 48
1746933712553 0.98301 49
