1746938482976 1.57526 0
1746938487137 1.18504 1
1746938491119 1.273 2
1746938496168 1.20157 3
1746938500633 1.05221 4
1746938507235 1.12125 5
1746938511649 1.09319 6
1746938516091 1.16604 7
1746938520486 1.08059 8
1746938525007 1.05385 9
1746938532250 1.38423 10
1746938542167 1.17876 11
1746938550891 1.15499 12
1746938556348 1.3594 13
1746938560786 1.22101 14
1746938564287 1.008 15
1746938570384 1.20874 16
1746938576785 1.12512 17
1746938584655 1.17812 18
1746938588450 1.08557 19
1746938593996 1.16274 20
1746938599950 1.25896 21
1746938605593 1.0967 22
1746938609292 1.15097 23
1746938615579 1.25783 24
1746938621082 1.17453 25
1746938626496 1.0769 26
1746938630063 1.10944 27
1746938636496 1.10475 28
1746938645523 1.03084 29
1746938651703 1.02612 30
1746938657135 1.08859 31
1746938660896 0.98517 32
1746938667600 1.14835 33
1746938673610 1.02125 34
1746938681766 1.00687 35
1746938687949 1.18358 36
1746938695695 1.09793 37
1746938701978 1.00386 38
1746938708504 0.96598 39
1746938722039 1.21082 40
1746938737243 1.00088 41
1746938751041 0.99589 42
1746938763711 0.96199 43
1746938778145 0.9312 44
1746938790189 1.02332 45
1746938804828 0.95859 46
1746938818682 1.03828 47
1746938831812 0.82388 48
1746938844350 0.98603 49
1746938857963 0.80293 50
1746938870162 0.89129 51
1746938885679 0.84603 52
1746938898123 0.94942 53
1746938914990 0.88576 54
1746938920264 0.93574 55
1746938933922 1.00527 56
1746938951194 0.99198 57
1746938965639 0.95532 58
1746938985123 0.86844 59
1746939000273 0.82118 60
1746939011157 0.80848 61
1746939023668 0.88658 62
1746939040103 0.92816 63
1746939053010 1.01694 64
1746939065737 1.02864 65
1746939080498 0.84615 66
1746939091325 0.86793 67
1746939099138 0.95544 68
1746939110286 0.89033 69
1746939129226 0.94514 70
1746939137916 0.94014 71
1746939152094 0.8279 72
1746939167242 0.82408 73
1746939181070 0.78876 74
1746939193163 0.86585 75
1746939211838 0.84973 76
1746939224758 0.80245 77
1746939240592 0.84697 78
1746939256076 0.8205 79
1746939268757 0.90714 80
1746939280615 0.7794 81
1746939293465 0.83978 82
1746939307360 0.70552 83
1746939318410 0.7191 84
1746939330011 0.80273 85
1746939346337 0.77862 86
1746939361556 0.81903 87
1746939374980 0.82049 88
1746939384808 0.8196 89
1746939394558 0.70041 90
1746939408583 0.64034 91
1746939420116 0.7208 92
1746939430803 0.67942 93
1746939440886 0.69258 94
1746939448067 0.71169 95
1746939457395 0.71918 96
1746939468482 0.64782 97
1746939480257 0.65945 98
1746939490375 0.61568 99
