1746938482976 4.19655 0
1746938487137 3.19317 1
1746938491119 2.4323 2
1746938496168 1.73038 3
1746938500633 1.73534 4
1746938507235 1.63096 5
1746938511649 1.74065 6
1746938516091 1.7551 7
1746938520486 1.78446 8
1746938525007 2.45938 9
1746938532250 1.83398 10
1746938542167 1.55663 11
1746938550891 1.5925 12
1746938556348 1.96207 13
1746938560786 1.70413 14
1746938564287 1.54339 15
1746938570384 1.85852 16
1746938576785 1.60884 17
1746938584655 1.86848 18
1746938588450 2.04309 19
1746938593996 1.69575 20
1746938599950 1.69559 21
1746938605593 1.63168 22
1746938609292 1.78618 23
1746938615579 1.74161 24
1746938621082 1.4957 25
1746938626496 1.56241 26
1746938630063 1.48064 27
1746938636496 1.47461 28
1746938645523 1.24753 29
1746938651703 1.34317 30
1746938657135 1.39113 31
1746938660896 1.22883 32
1746938667600 1.47542 33
1746938673610 1.27861 34
1746938681766 1.10551 35
1746938687949 1.3559 36
1746938695695 1.60983 37
1746938701978 1.39088 38
1746938708504 1.12718 39
1746938722039 1.27047 40
1746938737243 1.15461 41
1746938751041 1.08257 42
1746938763711 1.31057 43
1746938778145 1.06501 44
1746938790189 1.17676 45
1746938804828 1.13879 46
1746938818682 1.19393 47
1746938831812 0.98333 48
1746938844350 1.0667 49
1746938857963 0.9326 50
1746938870162 1.07548 51
1746938885679 0.90846 52
1746938898123 1.06647 53
1746938914990 1.12338 54
1746938920264 1.04534 55
1746938933922 1.03096 56
1746938951194 0.8733 57
1746938965639 1.05119 58
1746938985123 0.93881 59
1746939000273 0.87071 60
1746939011157 0.86828 61
1746939023668 0.80718 62
1746939040103 0.91015 63
1746939053010 1.13334 64
1746939065737 0.9179 65
1746939080498 0.85078 66
1746939091325 0.87621 67
1746939099138 0.95623 68
1746939110286 0.84056 69
1746939129226 0.86154 70
1746939137916 0.94807 71
1746939152094 0.83518 72
1746939167242 0.76485 73
1746939181070 0.81836 74
1746939193163 0.79501 75
1746939211838 0.80136 76
1746939224758 0.78354 77
1746939240592 0.88199 78
1746939256076 0.79193 79
1746939268757 1.01012 80
1746939280615 0.79771 81
1746939293465 0.91256 82
1746939307360 0.74582 83
1746939318410 0.69416 84
1746939330011 0.78175 85
1746939346337 0.76036 86
1746939361556 0.75576 87
1746939374980 0.86823 88
1746939384808 0.76701 89
1746939394558 0.7767 90
1746939408583 0.76368 91
1746939420116 0.81856 92
1746939430803 0.75484 93
1746939440886 0.72499 94
1746939448067 0.75221 95
1746939457395 0.74367 96
1746939468482 0.73581 97
1746939480257 0.74225 98
1746939490375 0.75435 99
