1746938482976 1.32606 0
1746938487137 1.09992 1
1746938491119 1.11337 2
1746938496168 1.04073 3
1746938500633 1.03992 4
1746938507235 1.07698 5
1746938511649 1.1237 6
1746938516091 1.15264 7
1746938520486 1.06741 8
1746938525007 1.11521 9
1746938532250 1.21397 10
1746938542167 1.06643 11
1746938550891 1.0538 12
1746938556348 1.21892 13
1746938560786 1.08915 14
1746938564287 1.05464 15
1746938570384 1.06955 16
1746938576785 1.06382 17
1746938584655 1.15127 18
1746938588450 1.05829 19
1746938593996 1.14082 20
1746938599950 1.15989 21
1746938605593 1.09584 22
1746938609292 1.08334 23
1746938615579 1.21753 24
1746938621082 1.08651 25
1746938626496 1.09452 26
1746938630063 1.13214 27
1746938636496 1.10967 28
1746938645523 1.10551 29
1746938651703 1.09556 30
1746938657135 1.10984 31
1746938660896 1.04057 32
1746938667600 1.12264 33
1746938673610 1.07689 34
1746938681766 1.0251 35
1746938687949 1.14434 36
1746938695695 1.16341 37
1746938701978 1.11783 38
1746938708504 1.03279 39
1746938722039 1.15109 40
1746938737243 1.06386 41
1746938751041 1.04938 42
1746938763711 0.97887 43
1746938778145 1.00251 44
1746938790189 1.06202 45
1746938804828 1.0364 46
1746938818682 1.05483 47
1746938831812 0.9896 48
1746938844350 1.05774 49
1746938857963 0.99278 50
1746938870162 1.01932 51
1746938885679 1.00151 52
1746938898123 1.04373 53
1746938914990 1.0264 54
1746938920264 1.03968 55
1746938933922 0.99773 56
1746938951194 1.00222 57
1746938965639 1.0223 58
1746938985123 0.97973 59
1746939000273 1.03232 60
1746939011157 0.95276 61
1746939023668 0.96899 62
1746939040103 1.05836 63
1746939053010 1.11209 64
1746939065737 1.07098 65
1746939080498 0.99476 66
1746939091325 0.99916 67
1746939099138 1.05184 68
1746939110286 0.96928 69
1746939129226 1.018 70
1746939137916 1.06408 71
1746939152094 0.97708 72
1746939167242 0.96531 73
1746939181070 0.9924 74
1746939193163 1.0088 75
1746939211838 0.96215 76
1746939224758 0.97861 77
1746939240592 0.9833 78
1746939256076 0.98947 79
1746939268757 1.13563 80
1746939280615 0.93219 81
1746939293465 1.00533 82
1746939307360 0.92396 83
1746939318410 0.93772 84
1746939330011 0.96063 85
1746939346337 0.98276 86
1746939361556 1.00041 87
1746939374980 0.98489 88
1746939384808 0.98407 89
1746939394558 0.93562 90
1746939408583 0.91406 91
1746939420116 0.93346 92
1746939430803 0.95982 93
1746939440886 0.94256 94
1746939448067 0.93678 95
1746939457395 0.95222 96
1746939468482 0.94593 97
1746939480257 0.89586 98
1746939490375 0.88387 99
