1746943791829 1.64206 0
1746943795854 1.2731 1
1746943799559 1.14501 2
1746943803331 1.25039 3
1746943807172 1.17708 4
1746943810902 1.09488 5
1746943814633 1.09436 6
1746943819306 1.0581 7
1746943824421 1.14113 8
1746943829212 1.05564 9
1746943833410 1.1193 10
1746943836916 1.11588 11
1746943840368 0.95037 12
1746943844042 1.20844 13
1746943847718 1.05097 14
1746943851546 1.04937 15
1746943855154 1.10025 16
1746943858728 1.14705 17
1746943862308 1.05587 18
1746943865890 1.16476 19
1746943869252 1.02752 20
1746943872787 1.09312 21
1746943876246 1.14909 22
1746943880057 1.13449 23
1746943884698 1.05942 24
1746943888487 0.99406 25
1746943892178 1.16186 26
1746943895984 0.95387 27
1746943902113 0.94655 28
1746943905538 1.02232 29
1746943915678 0.93873 30
1746943919498 0.94841 31
1746943924215 0.96565 32
1746943927835 0.98854 33
1746943933871 1.05681 34
1746943940613 1.06571 35
1746943944448 1.05422 36
1746943948076 0.95382 37
1746943954826 0.94437 38
1746943961343 1.01538 39
1746943972656 0.94429 40
1746943976475 0.98081 41
1746943980422 0.9673 42
1746943992528 1.0128 43
1746943998238 0.82964 44
1746944001686 0.95724 45
1746944009107 0.97817 46
1746944015369 0.99089 47
1746944023790 0.95665 48
1746944027604 0.859 49
1746944034721 0.90089 50
1746944042353 0.94405 51
1746944052205 0.83045 52
1746944059413 0.7931 53
1746944063826 0.95875 54
1746944071919 0.90749 55
1746944078309 0.83466 56
1746944085801 0.92499 57
1746944093527 0.85011 58
1746944100555 0.89224 59
1746944106737 0.84559 60
1746944114549 0.83802 61
1746944127534 0.93084 62
1746944133965 0.95389 63
1746944141033 0.84038 64
1746944152222 0.78184 65
1746944159252 0.83848 66
1746944165326 0.97617 67
1746944172294 0.82207 68
1746944179953 0.8187 69
1746944187842 0.91794 70
1746944195072 0.81126 71
1746944201836 0.87055 72
1746944209325 0.89881 73
1746944215516 0.82582 74
1746944222368 0.78955 75
1746944230645 0.85781 76
1746944240669 0.73976 77
1746944248272 0.75505 78
1746944255139 0.80415 79
1746944262248 0.69979 80
1746944272373 0.74935 81
1746944280407 0.69862 82
1746944287295 0.75551 83
1746944299227 0.77715 84
1746944307595 0.68634 85
1746944318721 0.70184 86
1746944324718 0.71379 87
1746944331554 0.70061 88
1746944343195 0.69393 89
1746944350426 0.66452 90
1746944357059 0.63455 91
1746944363861 0.68843 92
1746944370339 0.62616 93
1746944376557 0.6608 94
1746944383555 0.56437 95
1746944391444 0.62257 96
1746944398394 0.65046 97
1746944406341 0.61536 98
1746944415738 0.62492 99
