1746943791829 3.79231 0
1746943795854 3.54005 1
1746943799559 2.90716 2
1746943803331 2.24817 3
1746943807172 2.23785 4
1746943810902 1.61981 5
1746943814633 1.64545 6
1746943819306 1.62331 7
1746943824421 1.75337 8
1746943829212 1.49735 9
1746943833410 1.42352 10
1746943836916 1.78553 11
1746943840368 1.56619 12
1746943844042 1.79204 13
1746943847718 1.3969 14
1746943851546 1.48264 15
1746943855154 1.71117 16
1746943858728 1.65118 17
1746943862308 1.32591 18
1746943865890 1.37758 19
1746943869252 1.30527 20
1746943872787 1.31115 21
1746943876246 1.32967 22
1746943880057 1.23932 23
1746943884698 1.22362 24
1746943888487 1.20374 25
1746943892178 1.28161 26
1746943895984 1.30813 27
1746943902113 1.19016 28
1746943905538 1.34682 29
1746943915678 1.24462 30
1746943919498 1.26715 31
1746943924215 1.27196 32
1746943927835 1.26998 33
1746943933871 1.33139 34
1746943940613 1.26795 35
1746943944448 1.23356 36
1746943948076 1.27147 37
1746943954826 1.11326 38
1746943961343 1.21489 39
1746943972656 1.23997 40
1746943976475 1.19646 41
1746943980422 1.07867 42
1746943992528 1.022 43
1746943998238 0.97717 44
1746944001686 1.10008 45
1746944009107 1.06731 46
1746944015369 1.06373 47
1746944023790 0.9582 48
1746944027604 0.94859 49
1746944034721 0.95331 50
1746944042353 0.97677 51
1746944052205 0.91919 52
1746944059413 1.02376 53
1746944063826 0.99902 54
1746944071919 0.92312 55
1746944078309 0.90109 56
1746944085801 0.93308 57
1746944093527 0.91552 58
1746944100555 1.02393 59
1746944106737 0.87349 60
1746944114549 1.07316 61
1746944127534 0.87013 62
1746944133965 1.01183 63
1746944141033 0.83792 64
1746944152222 0.82048 65
1746944159252 0.88428 66
1746944165326 0.93097 67
1746944172294 0.95396 68
1746944179953 0.79298 69
1746944187842 0.91454 70
1746944195072 0.82929 71
1746944201836 0.87183 72
1746944209325 0.87933 73
1746944215516 0.86522 74
1746944222368 0.80205 75
1746944230645 0.77797 76
1746944240669 0.73839 77
1746944248272 0.78521 78
1746944255139 0.79224 79
1746944262248 0.67993 80
1746944272373 0.78194 81
1746944280407 0.72993 82
1746944287295 0.70612 83
1746944299227 0.81404 84
1746944307595 0.70987 85
1746944318721 0.74679 86
1746944324718 0.68986 87
1746944331554 0.71404 88
1746944343195 0.73278 89
1746944350426 0.75809 90
1746944357059 0.77981 91
1746944363861 0.7057 92
1746944370339 0.69463 93
1746944376557 0.74874 94
1746944383555 0.68943 95
1746944391444 0.67995 96
1746944398394 0.73985 97
1746944406341 0.73781 98
1746944415738 0.71685 99
