1746943791829 1.36427 0
1746943795854 1.17931 1
1746943799559 1.11601 2
1746943803331 1.06972 3
1746943807172 1.06493 4
1746943810902 1.01551 5
1746943814633 1.05826 6
1746943819306 1.0304 7
1746943824421 1.10795 8
1746943829212 1.01159 9
1746943833410 0.99506 10
1746943836916 1.04301 11
1746943840368 1.01611 12
1746943844042 1.10206 13
1746943847718 1.00924 14
1746943851546 1.06188 15
1746943855154 1.08108 16
1746943858728 1.07828 17
1746943862308 1.03589 18
1746943865890 1.13347 19
1746943869252 1.08229 20
1746943872787 1.1375 21
1746943876246 1.06679 22
1746943880057 1.05543 23
1746943884698 1.05484 24
1746943888487 1.03696 25
1746943892178 1.02995 26
1746943895984 1.01131 27
1746943902113 0.99051 28
1746943905538 1.0493 29
1746943915678 1.04304 30
1746943919498 1.00869 31
1746943924215 1.03759 32
1746943927835 0.97704 33
1746943933871 1.08129 34
1746943940613 1.12216 35
1746943944448 1.0466 36
1746943948076 1.02323 37
1746943954826 0.99445 38
1746943961343 1.04165 39
1746943972656 1.01978 40
1746943976475 1.05299 41
1746943980422 0.99661 42
1746943992528 0.98159 43
1746943998238 0.96819 44
1746944001686 0.98927 45
1746944009107 0.97935 46
1746944015369 0.99676 47
1746944023790 0.99393 48
1746944027604 0.96083 49
1746944034721 0.97315 50
1746944042353 1.04414 51
1746944052205 0.96458 52
1746944059413 0.97009 53
1746944063826 1.0219 54
1746944071919 0.9999 55
1746944078309 0.98956 56
1746944085801 0.98699 57
1746944093527 0.95612 58
1746944100555 0.98989 59
1746944106737 0.96779 60
1746944114549 0.96255 61
1746944127534 0.95163 62
1746944133965 1.03734 63
1746944141033 0.99302 64
1746944152222 0.90762 65
1746944159252 0.96804 66
1746944165326 1.06307 67
1746944172294 0.97295 68
1746944179953 0.95908 69
1746944187842 1.02695 70
1746944195072 0.96491 71
1746944201836 0.97238 72
1746944209325 0.95228 73
1746944215516 0.9731 74
1746944222368 0.95179 75
1746944230645 0.97389 76
1746944240669 0.91272 77
1746944248272 0.91557 78
1746944255139 0.94462 79
1746944262248 0.92635 80
1746944272373 0.98292 81
1746944280407 0.91898 82
1746944287295 0.91192 83
1746944299227 0.94379 84
1746944307595 0.91269 85
1746944318721 0.89791 86
1746944324718 0.91696 87
1746944331554 0.93665 88
1746944343195 0.90695 89
1746944350426 0.92359 90
1746944357059 0.89528 91
1746944363861 0.89667 92
1746944370339 0.86177 93
1746944376557 0.89818 94
1746944383555 0.88876 95
1746944391444 0.86673 96
1746944398394 0.88191 97
1746944406341 0.88989 98
1746944415738 0.93323 99
