1746891724154 1.47377 0
1746891728017 1.26094 1
1746891731759 1.12683 2
1746891737833 1.20016 3
1746891743757 1.18972 4
1746891749874 1.31666 5
1746891756559 1.14558 6
1746891763334 1.12068 7
1746891767110 1.20783 8
1746891775672 1.18713 9
1746891782231 1.37559 10
1746891788988 1.07684 11
1746891800823 1.20783 12
1746891808165 1.32138 13
1746891816026 1.24463 14
1746891823033 1.28542 15
1746891830207 1.12365 16
1746891841406 1.14668 17
1746891848157 1.16624 18
1746891855071 1.08195 19
1746891862090 1.06967 20
1746891869132 1.20835 21
1746891876128 1.06467 22
1746891883234 1.07662 23
1746891890208 1.04418 24
1746891901463 1.11292 25
1746891908428 1.09882 26
1746891915169 0.96737 27
1746891921940 1.00853 28
1746891928994 0.97096 29
1746891936049 0.93116 30
1746891942962 1.01622 31
1746891949729 1.0496 32
1746891956444 1.08404 33
1746891968925 1.01481 34
1746891980598 1.0019 35
1746891987579 1.04943 36
1746891994527 0.84187 37
1746892001543 0.97377 38
1746892008549 0.84988 39
1746892015652 0.84848 40
1746892022497 0.77549 41
1746892029139 0.86793 42
1746892036045 0.77556 43
1746892042856 0.87089 44
1746892050001 0.77334 45
1746892057513 0.79935 46
1746892064279 0.78857 47
1746892076221 0.83769 48
1746892083098 0.73188 49
