1746891724154 3.76028 0
1746891728017 3.88239 1
1746891731759 3.48937 2
1746891737833 3.31114 3
1746891743757 3.10709 4
1746891749874 3.00123 5
1746891756559 2.4814 6
1746891763334 2.09327 7
1746891767110 5.25808 8
1746891775672 2.49317 9
1746891782231 2.40383 10
1746891788988 1.97783 11
1746891800823 1.78181 12
1746891808165 2.03471 13
1746891816026 1.82649 14
1746891823033 1.64424 15
1746891830207 1.76458 16
1746891841406 1.64504 17
1746891848157 1.64324 18
1746891855071 2.01415 19
1746891862090 1.92325 20
1746891869132 1.66458 21
1746891876128 1.66082 22
1746891883234 1.64838 23
1746891890208 1.58881 24
1746891901463 1.35665 25
1746891908428 1.67105 26
1746891915169 1.44263 27
1746891921940 1.34365 28
1746891928994 1.38586 29
1746891936049 1.2346 30
1746891942962 1.42128 31
1746891949729 1.3818 32
1746891956444 1.74123 33
1746891968925 1.34773 34
1746891980598 1.21636 35
1746891987579 1.36448 36
1746891994527 1.16552 37
1746892001543 1.37636 38
1746892008549 1.18018 39
1746892015652 1.24596 40
1746892022497 1.18915 41
1746892029139 1.24915 42
1746892036045 1.11416 43
1746892042856 1.34151 44
1746892050001 1.20506 45
1746892057513 1.29957 46
1746892064279 1.15527 47
1746892076221 1.10806 48
1746892083098 1.21291 49
