1746891724154 1.21913 0
1746891728017 1.18407 1
1746891731759 1.14054 2
1746891737833 1.06898 3
1746891743757 1.0537 4
1746891749874 1.14966 5
1746891756559 1.10681 6
1746891763334 1.01079 7
1746891767110 0.99191 8
1746891775672 1.01369 9
1746891782231 1.14058 10
1746891788988 1.00821 11
1746891800823 1.03183 12
1746891808165 1.13855 13
1746891816026 1.14334 14
1746891823033 1.0913 15
1746891830207 1.03703 16
1746891841406 1.05134 17
1746891848157 1.08897 18
1746891855071 1.01148 19
1746891862090 1.05572 20
1746891869132 1.12716 21
1746891876128 1.03519 22
1746891883234 1.01345 23
1746891890208 1.06263 24
1746891901463 1.03886 25
1746891908428 1.07286 26
1746891915169 1.0016 27
1746891921940 1.05422 28
1746891928994 1.01034 29
1746891936049 1.04206 30
1746891942962 1.07079 31
1746891949729 1.08973 32
1746891956444 1.04221 33
1746891968925 1.02853 34
1746891980598 1.04986 35
1746891987579 1.05098 36
1746891994527 0.94404 37
1746892001543 1.05675 38
1746892008549 0.9736 39
1746892015652 0.95243 40
1746892022497 0.95349 41
1746892029139 1.00495 42
1746892036045 0.94024 43
1746892042856 0.96908 44
1746892050001 0.91608 45
1746892057513 0.96732 46
1746892064279 0.94815 47
1746892076221 0.98386 48
1746892083098 0.93772 49
