1746887578245 1.78719 0
1746887590188 1.34216 1
1746887600891 1.36771 2
1746887608664 1.26882 3
1746887617263 1.32499 4
1746887626906 1.17948 5
1746887636193 1.4609 6
1746887645380 1.24862 7
1746887655994 1.33379 8
1746887665092 1.07381 9
1746887676989 1.1631 10
1746887686736 1.26495 11
1746887696693 1.19516 12
1746887706284 1.1605 13
1746887719396 1.05074 14
1746887728292 1.1732 15
1746887742632 1.18082 16
1746887755450 1.10429 17
1746887764293 0.9649 18
1746887774460 1.20372 19
1746887786324 0.90566 20
1746887795249 0.89609 21
1746887805544 0.87351 22
1746887818374 0.93807 23
1746887832866 0.8816 24
1746887842368 0.86194 25
1746887856612 0.87131 26
1746887871481 0.88704 27
1746887886503 0.865 28
1746887900706 0.84548 29
