1746887578245 4.34931 0
1746887590188 4.33999 1
1746887600891 3.95992 2
1746887608664 3.71251 3
1746887617263 4.64737 4
1746887626906 3.92517 5
1746887636193 2.92117 6
1746887645380 3.99318 7
1746887655994 2.84709 8
1746887665092 3.72383 9
1746887676989 2.9637 10
1746887686736 2.64983 11
1746887696693 1.97313 12
1746887706284 2.26113 13
1746887719396 2.27381 14
1746887728292 2.33238 15
1746887742632 2.65107 16
1746887755450 1.90948 17
1746887764293 2.36871 18
1746887774460 2.02203 19
1746887786324 2.14204 20
1746887795249 2.19585 21
1746887805544 2.25602 22
1746887818374 1.65558 23
1746887832866 1.91833 24
1746887842368 1.7777 25
1746887856612 1.75716 26
1746887871481 2.02374 27
1746887886503 1.8465 28
1746887900706 1.59964 29
