1746887578245 1.36262 0
1746887590188 1.19394 1
1746887600891 1.16379 2
1746887608664 1.0777 3
1746887617263 1.07044 4
1746887626906 1.00314 5
1746887636193 1.1776 6
1746887645380 1.05282 7
1746887655994 1.08559 8
1746887665092 0.91172 9
1746887676989 1.04771 10
1746887686736 1.0719 11
1746887696693 1.03949 12
1746887706284 1.09238 13
1746887719396 0.99219 14
1746887728292 1.07603 15
1746887742632 1.05504 16
1746887755450 1.04543 17
1746887764293 1.01763 18
1746887774460 1.12933 19
1746887786324 0.93423 20
1746887795249 0.91982 21
1746887805544 0.87617 22
1746887818374 0.98029 23
1746887832866 0.94249 24
1746887842368 0.94356 25
1746887856612 0.94283 26
1746887871481 0.95593 27
1746887886503 0.95333 28
1746887900706 0.92239 29
