1746952493930 0.09758 0
1746952498495 0.16261 1
1746952502811 0.47514 2
1746952507663 0.47352 3
1746952512803 0.52231 4
1746952517912 0.46706 5
1746952522625 0.47152 6
1746952527575 0.4951 7
1746952532752 0.40252 8
1746952537849 0.33731 9
1746952542693 0.23347 10
1746952547232 0.21867 11
1746952551579 0.26614 12
1746952556092 0.24756 13
1746952560515 0.30408 14
1746952564747 0.28561 15
1746952569779 0.18922 16
1746952574662 0.19362 17
1746952578901 0.23381 18
1746952583836 0.33934 19
1746952588968 0.37198 20
1746952594545 0.37158 21
1746952599322 0.30816 22
1746952603808 0.30428 23
1746952608202 0.39371 24
1746952612745 0.46154 25
1746952617916 0.49407 26
1746952622713 0.45585 27
1746952627141 0.45585 28
1746952631990 0.46502 29
1746952636504 0.57408 30
1746952641207 0.62975 31
1746952645512 0.62975 32
1746952650332 0.63685 33
1746952655211 0.63512 34
1746952660501 0.63991 35
1746952666206 0.63991 36
1746952671063 0.6665 37
1746952677092 0.70794 38
1746952683397 0.70392 39
1746952688975 0.70392 40
1746952694317 0.69585 41
1746952699287 0.69842 42
1746952704543 0.70136 43
1746952710069 0.70136 44
1746952716302 0.69936 45
1746952721359 0.70228 46
1746952727068 0.71758 47
1746952732009 0.71758 48
1746952737306 0.71744 49
1746952744061 0.7174406298015873 49
