1746952493930 0.20274 0
1746952498495 0.28156 1
1746952502811 0.75454 2
1746952507663 0.77763 3
1746952512803 0.82452 4
1746952517912 0.72826 5
1746952522625 0.67776 6
1746952527575 0.69668 7
1746952532752 0.60654 8
1746952537849 0.50254 9
1746952542693 0.298 10
1746952547232 0.28318 11
1746952551579 0.36692 12
1746952556092 0.37652 13
1746952560515 0.39867 14
1746952564747 0.37332 15
1746952569779 0.24433 16
1746952574662 0.24479 17
1746952578901 0.31992 18
1746952583836 0.46279 19
1746952588968 0.528 20
1746952594545 0.50112 21
1746952599322 0.44371 22
1746952603808 0.47227 23
1746952608202 0.60215 24
1746952612745 0.66878 25
1746952617916 0.67638 26
1746952622713 0.64466 27
1746952627141 0.64466 28
1746952631990 0.6554 29
1746952636504 0.79608 30
1746952641207 0.8638 31
1746952645512 0.8638 32
1746952650332 0.83951 33
1746952655211 0.85359 34
1746952660501 0.88553 35
1746952666206 0.88553 36
1746952671063 0.94706 37
1746952677092 0.96833 38
1746952683397 0.98429 39
1746952688975 0.98429 40
1746952694317 0.98429 41
1746952699287 0.96833 42
1746952704543 0.96433 43
1746952710069 0.96433 44
1746952716302 0.96433 45
1746952721359 0.96433 46
1746952727068 0.95797 47
1746952732009 0.95797 48
1746952737306 0.9625 49
1746952744061 0.9625 49
