1746952493930 0.008 0
1746952498495 0.00733 1
1746952502811 0.008 2
1746952507663 0.00733 3
1746952512803 0.00867 4
1746952517912 0.00867 5
1746952522625 0.00867 6
1746952527575 0.00867 7
1746952532752 0.00867 8
1746952537849 0.03991 9
1746952542693 0.01954 10
1746952547232 0.00867 11
1746952551579 1.0 12
1746952556092 1.0 13
1746952560515 1.0 14
1746952564747 1.0 15
1746952569779 0.97746 16
1746952574662 0.97051 17
1746952578901 1.0 18
1746952583836 1.0 19
1746952588968 1.0 20
1746952594545 1.0 21
1746952599322 1.0 22
1746952603808 1.0 23
1746952608202 1.0 24
1746952612745 1.0 25
1746952617916 0.86105 26
1746952622713 0.73629 27
1746952627141 0.73629 28
1746952631990 0.82091 29
1746952636504 0.88439 30
1746952641207 0.96967 31
1746952645512 0.96967 32
1746952650332 0.96411 33
1746952655211 0.98015 34
1746952660501 0.98127 35
1746952666206 0.98127 36
1746952671063 0.79879 37
1746952677092 0.86404 38
1746952683397 0.89826 39
1746952688975 0.89826 40
1746952694317 0.91883 41
1746952699287 0.80099 42
1746952704543 0.81038 43
1746952710069 0.81038 44
1746952716302 0.82936 45
1746952721359 0.84462 46
1746952727068 0.84652 47
1746952732009 0.84652 48
1746952737306 0.84387 49
1746952744061 0.8436894046263148 49
