1746952493930 0.92308 0
1746952498495 0.84615 1
1746952502811 0.92308 2
1746952507663 0.84615 3
1746952512803 1.0 4
1746952517912 1.0 5
1746952522625 1.0 6
1746952527575 1.0 7
1746952532752 1.0 8
1746952537849 0.76923 9
1746952542693 1.0 10
1746952547232 1.0 11
1746952551579 0.17126 12
1746952556092 0.20901 13
1746952560515 0.21434 14
1746952564747 0.2603 15
1746952569779 0.23077 16
1746952574662 0.23077 17
1746952578901 0.21451 18
1746952583836 0.23037 19
1746952588968 0.26342 20
1746952594545 0.28473 21
1746952599322 0.26953 22
1746952603808 0.29228 23
1746952608202 0.30332 24
1746952612745 0.37646 25
1746952617916 0.47836 26
1746952622713 0.38462 27
1746952627141 0.38462 28
1746952631990 0.53846 29
1746952636504 0.59049 30
1746952641207 0.69231 31
1746952645512 0.69231 32
1746952650332 0.69231 33
1746952655211 0.69231 34
1746952660501 0.69231 35
1746952666206 0.69231 36
1746952671063 0.91657 37
1746952677092 0.97879 38
1746952683397 1.0 39
1746952688975 1.0 40
1746952694317 0.87208 41
1746952699287 1.0 42
1746952704543 1.0 43
1746952710069 1.0 44
1746952716302 1.0 45
1746952721359 1.0 46
1746952727068 1.0 47
1746952732009 1.0 48
1746952737306 1.0 49
1746952744061 1.0 49
