1746883668540 0.0002 0
1746883686222 0.000411684 1
1746883695054 0.000614656 2
1746883704473 0.0008089159999999999 3
1746883712414 0.000994464 4
1746883721748 0.0011713000000000001 5
1746883731680 0.0013394239999999999 6
1746883746414 0.0014988360000000001 7
1746883763508 0.001649536 8
1746883771724 0.0016436000000000003 9
1746883781103 0.0016040000000000002 10
1746883788915 0.0015644 11
1746883796926 0.0015248 12
1746883805545 0.0014852 13
1746883813239 0.0014456 14
1746883821937 0.001406 15
1746883830896 0.0013663999999999998 16
1746883840514 0.0013267999999999997 17
1746883851171 0.0012872 18
1746883859810 0.0012476 19
1746883869632 0.001208 20
1746883881493 0.0011684000000000002 21
1746883889722 0.0011288000000000001 22
1746883899492 0.0010892000000000002 23
1746883913969 0.0010496000000000001 24
1746883931195 0.00101 25
1746883944126 0.0009704 26
1746883960096 0.0009308 27
1746883968106 0.0008911999999999999 28
1746883978548 0.0008516000000000001 29
1746883990490 0.0008120000000000001 30
1746883998368 0.0007724 31
1746884008286 0.0007328 32
1746884020852 0.0006931999999999999 33
1746884034827 0.0006536 34
1746884051994 0.0006140000000000001 35
1746884069148 0.0005744000000000001 36
1746884081358 0.0005348000000000001 37
1746884100560 0.0004952 38
1746884123278 0.00045559999999999996 39
1746884136613 0.0004159999999999999 40
1746884146012 0.00037640000000000015 41
1746884154297 0.0003368000000000001 42
1746884166744 0.0002972 43
1746884177511 0.00025760000000000003 44
1746884187860 0.00021799999999999996 45
1746884198947 0.00017839999999999992 46
1746884206364 0.0001388000000000001 47
1746884218539 9.920000000000008e-05 48
1746884232680 5.9600000000000046e-05 49
