1746933733211 0.22545 0
1746933737909 0.24885 1
1746933743278 0.27604 2
1746933748710 0.3058 3
1746933756251 0.24547 4
1746933762270 0.24869 5
1746933767674 0.28834 6
1746933775859 0.40585 7
1746933779814 0.40585 8
1746933785783 0.38873 9
1746933794197 0.3823 10
1746933798154 0.3823 11
1746933805738 0.49687 12
1746933811775 0.41929 13
1746933815717 0.41929 14
1746933822059 0.53764 15
1746933828724 0.55197 16
1746933835809 0.39817 17
1746933839596 0.39817 18
1746933846894 0.44791 19
1746933853156 0.50955 20
1746933857174 0.50955 21
1746933867112 0.55715 22
1746933874544 0.59195 23
1746933879706 0.66411 24
1746933887456 0.62583 25
1746933894586 0.59213 26
1746933898689 0.59213 27
1746933904834 0.50841 28
1746933913193 0.62094 29
1746933918563 0.62094 30
1746933925006 0.64937 31
1746933931325 0.65375 32
1746933937626 0.64922 33
1746933942648 0.64922 34
1746933951773 0.69025 35
1746933958068 0.65137 36
1746933961982 0.65137 37
1746933969634 0.65617 38
1746933977377 0.65286 39
1746933986686 0.65286 40
1746934000383 0.59469 41
1746934013575 0.70662 42
1746934022463 0.70662 43
1746934033530 0.69946 44
1746934049428 0.72503 45
1746934058340 0.72503 46
1746934070227 0.72886 47
1746934080424 0.67485 48
1746934091501 0.64392 49
1746934100416 0.64392 50
1746934112779 0.66284 51
1746934123419 0.65849 52
1746934133682 0.65849 53
1746934145368 0.64995 54
1746934161015 0.68173 55
1746934171126 0.68173 56
1746934183600 0.73768 57
1746934194998 0.72047 58
1746934204325 0.72047 59
1746934215711 0.69764 60
1746934225139 0.66744 61
1746934233983 0.66744 62
1746934244520 0.6745 63
1746934257985 0.68946 64
1746934272365 0.62672 65
1746934279532 0.7007 66
1746934292924 0.71891 67
1746934302900 0.71233 68
1746934312076 0.71233 69
1746934321746 0.69919 70
1746934332556 0.71026 71
1746934340485 0.71026 72
1746934350758 0.73882 73
1746934360770 0.66237 74
1746934369977 0.73105 75
1746934381442 0.72142 76
1746934392137 0.7299 77
1746934401239 0.7299 78
1746934411908 0.72639 79
1746934422739 0.71242 80
1746934431547 0.72016 81
1746934441622 0.72016 82
1746934451010 0.71767 83
1746934461776 0.73231 84
1746934470176 0.73231 85
1746934479478 0.7037 86
1746934491072 0.71011 87
1746934498531 0.71011 88
1746934508593 0.6995 89
1746934518559 0.69323 90
1746934527792 0.69323 91
1746934535144 0.68412 92
1746934544180 0.68642 93
1746934551809 0.68642 94
1746934561006 0.67189 95
1746934569735 0.67087 96
1746934580439 0.66166 97
1746934589278 0.66166 98
1746934598616 0.66394 99
1746934602601 0.7388151829376115 99
