1746933733211 0.37483 0
1746933737909 0.4573 1
1746933743278 0.4906 2
1746933748710 0.5284 3
1746933756251 0.41454 4
1746933762270 0.43349 5
1746933767674 0.45178 6
1746933775859 0.53458 7
1746933779814 0.53458 8
1746933785783 0.51838 9
1746933794197 0.70657 10
1746933798154 0.70657 11
1746933805738 0.82973 12
1746933811775 0.69667 13
1746933815717 0.69667 14
1746933822059 0.80778 15
1746933828724 0.79564 16
1746933835809 0.67501 17
1746933839596 0.67501 18
1746933846894 0.7099 19
1746933853156 0.72406 20
1746933857174 0.72406 21
1746933867112 0.81867 22
1746933874544 0.89108 23
1746933879706 0.96457 24
1746933887456 0.9614 25
1746933894586 0.87103 26
1746933898689 0.87103 27
1746933904834 0.79429 28
1746933913193 0.90289 29
1746933918563 0.90289 30
1746933925006 0.89589 31
1746933931325 0.96833 32
1746933937626 0.9705 33
1746933942648 0.9705 34
1746933951773 0.94017 35
1746933958068 0.95406 36
1746933961982 0.95406 37
1746933969634 0.9394 38
1746933977377 0.92591 39
1746933986686 0.92591 40
1746934000383 0.8871 41
1746934013575 0.96413 42
1746934022463 0.96413 43
1746934033530 0.995 44
1746934049428 0.995 45
1746934058340 0.995 46
1746934070227 0.995 47
1746934080424 0.995 48
1746934091501 0.995 49
1746934100416 0.995 50
1746934112779 0.97853 51
1746934123419 0.94125 52
1746934133682 0.94125 53
1746934145368 0.9308 54
1746934161015 0.95028 55
1746934171126 0.95028 56
1746934183600 0.96292 57
1746934194998 0.98188 58
1746934204325 0.98188 59
1746934215711 0.9671 60
1746934225139 0.95956 61
1746934233983 0.95956 62
1746934244520 0.9569 63
1746934257985 0.95036 64
1746934272365 0.86974 65
1746934279532 0.94636 66
1746934292924 0.94833 67
1746934302900 0.95689 68
1746934312076 0.95689 69
1746934321746 0.95689 70
1746934332556 0.96253 71
1746934340485 0.96253 72
1746934350758 0.96253 73
1746934360770 0.88822 74
1746934369977 0.96253 75
1746934381442 0.96688 76
1746934392137 0.96413 77
1746934401239 0.96413 78
1746934411908 0.97238 79
1746934422739 0.97238 80
1746934431547 0.98188 81
1746934441622 0.98188 82
1746934451010 0.98188 83
1746934461776 0.97853 84
1746934470176 0.97853 85
1746934479478 0.97556 86
1746934491072 0.97556 87
1746934498531 0.97556 88
1746934508593 0.9705 89
1746934518559 0.96 90
1746934527792 0.96 91
1746934535144 0.95344 92
1746934544180 0.951 93
1746934551809 0.951 94
1746934561006 0.93944 95
1746934569735 0.93489 96
1746934580439 0.9373 97
1746934589278 0.9373 98
1746934598616 0.939 99
1746934602601 0.962529411764706 99
