1746933733211 0.008 0
1746933737909 0.008 1
1746933743278 0.008 2
1746933748710 0.00867 3
1746933756251 0.00733 4
1746933762270 0.01144 5
1746933767674 1.0 6
1746933775859 0.96337 7
1746933779814 0.96337 8
1746933785783 0.90052 9
1746933794197 0.88805 10
1746933798154 0.88805 11
1746933805738 0.89358 12
1746933811775 0.69647 13
1746933815717 0.69647 14
1746933822059 0.8198 15
1746933828724 0.96377 16
1746933835809 0.89528 17
1746933839596 0.89528 18
1746933846894 1.0 19
1746933853156 0.8988 20
1746933857174 0.8988 21
1746933867112 0.84896 22
1746933874544 1.0 23
1746933879706 1.0 24
1746933887456 0.95142 25
1746933894586 0.85069 26
1746933898689 0.85069 27
1746933904834 0.86089 28
1746933913193 0.77884 29
1746933918563 0.77884 30
1746933925006 0.97945 31
1746933931325 1.0 32
1746933937626 0.91855 33
1746933942648 0.91855 34
1746933951773 0.91422 35
1746933958068 0.92139 36
1746933961982 0.92139 37
1746933969634 0.9166 38
1746933977377 0.9158 39
1746933986686 0.9158 40
1746934000383 1.0 41
1746934013575 0.99042 42
1746934022463 0.99042 43
1746934033530 1.0 44
1746934049428 0.99178 45
1746934058340 0.99178 46
1746934070227 0.99283 47
1746934080424 1.0 48
1746934091501 1.0 49
1746934100416 1.0 50
1746934112779 0.99484 51
1746934123419 0.99159 52
1746934133682 0.99159 53
1746934145368 0.99082 54
1746934161015 0.98396 55
1746934171126 0.98396 56
1746934183600 0.99679 57
1746934194998 1.0 58
1746934204325 1.0 59
1746934215711 1.0 60
1746934225139 0.98786 61
1746934233983 0.98786 62
1746934244520 0.98638 63
1746934257985 0.99272 64
1746934272365 0.98416 65
1746934279532 0.98583 66
1746934292924 0.98612 67
1746934302900 0.98749 68
1746934312076 0.98749 69
1746934321746 0.98824 70
1746934332556 0.99 71
1746934340485 0.99 72
1746934350758 0.99042 73
1746934360770 0.99027 74
1746934369977 0.99108 75
1746934381442 0.99065 76
1746934392137 0.98996 77
1746934401239 0.98996 78
1746934411908 0.90891 79
1746934422739 0.90825 80
1746934431547 1.0 81
1746934441622 1.0 82
1746934451010 1.0 83
1746934461776 0.99918 84
1746934470176 0.99918 85
1746934479478 0.99818 86
1746934491072 0.99937 87
1746934498531 0.99937 88
1746934508593 0.99953 89
1746934518559 0.9979 90
1746934527792 0.9979 91
1746934535144 0.9999 92
1746934544180 1.0 93
1746934551809 1.0 94
1746934561006 1.0 95
1746934569735 0.99338 96
1746934580439 1.0 97
1746934589278 1.0 98
1746934598616 1.0 99
1746934602601 0.9903300552464411 99
