1746933733211 0.92308 0
1746933737909 0.92308 1
1746933743278 0.92308 2
1746933748710 1.0 3
1746933756251 0.84615 4
1746933762270 0.61538 5
1746933767674 0.21933 6
1746933775859 0.46154 7
1746933779814 0.46154 8
1746933785783 0.46154 9
1746933794197 0.61074 10
1746933798154 0.61074 11
1746933805738 0.76923 12
1746933811775 0.76923 13
1746933815717 0.76923 14
1746933822059 0.70051 15
1746933828724 0.69231 16
1746933835809 0.69231 17
1746933839596 0.69231 18
1746933846894 0.68697 19
1746933853156 0.69231 20
1746933857174 0.69231 21
1746933867112 0.69231 22
1746933874544 0.82876 23
1746933879706 0.90175 24
1746933887456 0.92308 25
1746933894586 0.87793 26
1746933898689 0.87793 27
1746933904834 0.61538 28
1746933913193 0.81406 29
1746933918563 0.81406 30
1746933925006 0.84615 31
1746933931325 0.91422 32
1746933937626 0.92308 33
1746933942648 0.92308 34
1746933951773 0.92308 35
1746933958068 0.90281 36
1746933961982 0.90281 37
1746933969634 0.84546 38
1746933977377 0.8374 39
1746933986686 0.8374 40
1746934000383 0.83575 41
1746934013575 0.84615 42
1746934022463 0.84615 43
1746934033530 0.99719 44
1746934049428 1.0 45
1746934058340 1.0 46
1746934070227 1.0 47
1746934080424 0.99872 48
1746934091501 0.99247 49
1746934100416 0.99247 50
1746934112779 0.92308 51
1746934123419 0.92308 52
1746934133682 0.92308 53
1746934145368 0.92308 54
1746934161015 0.92308 55
1746934171126 0.92308 56
1746934183600 0.92308 57
1746934194998 0.91021 58
1746934204325 0.91021 59
1746934215711 0.8278 60
1746934225139 0.84615 61
1746934233983 0.84615 62
1746934244520 0.84615 63
1746934257985 0.84615 64
1746934272365 0.76923 65
1746934279532 0.84615 66
1746934292924 0.84615 67
1746934302900 0.84615 68
1746934312076 0.84615 69
1746934321746 0.84615 70
1746934332556 0.84615 71
1746934340485 0.84615 72
1746934350758 0.84615 73
1746934360770 0.76923 74
1746934369977 0.84615 75
1746934381442 0.84615 76
1746934392137 0.84615 77
1746934401239 0.84615 78
1746934411908 0.92308 79
1746934422739 0.92308 80
1746934431547 0.9197 81
1746934441622 0.9197 82
1746934451010 0.9213 83
1746934461776 0.92308 84
1746934470176 0.92308 85
1746934479478 0.92308 86
1746934491072 0.92308 87
1746934498531 0.92308 88
1746934508593 0.92308 89
1746934518559 0.92308 90
1746934527792 0.92308 91
1746934535144 0.92308 92
1746934544180 0.92131 93
1746934551809 0.92131 94
1746934561006 0.91876 95
1746934569735 0.92308 96
1746934580439 0.90738 97
1746934589278 0.90738 98
1746934598616 0.89449 99
1746934602601 0.8461538461538461 99
