1746956766179 1.80646 0
1746956773379 1.19446 1
1746956783025 1.20513 2
1746956792967 1.17931 3
1746956802514 1.03797 4
1746956815199 1.12171 5
1746956825023 1.10273 6
1746956834778 1.15288 7
1746956844670 1.17895 8
1746956854536 0.97874 9
1746956927045 1.14092 10
1746956942164 1.13292 11
1746956954086 1.06652 12
1746957022152 1.2216 13
1746957044662 1.19154 14
1746957124715 0.91206 15
1746957134373 1.14327 16
1746957144148 1.04475 17
1746957153996 1.16765 18
1746957162637 1.15357 19
1746957234593 1.1764 20
1746957244375 1.42777 21
1746957254324 1.12899 22
1746957264164 1.41643 23
1746957275140 1.2284 24
1746957343133 1.08434 25
1746957353687 1.13754 26
1746957360222 1.17952 27
1746957372006 1.14593 28
1746957384394 1.17963 29
1746957395559 1.13937 30
1746957402004 1.18334 31
1746957412506 1.02912 32
1746957482404 1.10063 33
1746957492362 1.08751 34
1746957501480 1.03179 35
1746957513344 1.15656 36
1746957587666 1.25066 37
1746957598088 1.08225 38
1746957604538 0.924 39
1746957614724 1.21094 40
1746957686821 0.98162 41
1746957698397 1.01297 42
1746957708938 0.94455 43
1746957720529 0.96682 44
1746957732297 1.05041 45
1746957799855 0.85991 46
1746957811535 0.98652 47
1746957819977 0.84217 48
1746957888686 0.94621 49
1746957896458 0.80595 50
1746957903187 0.88855 51
1746957914531 0.86626 52
1746957925434 0.8547 53
1746957995752 0.89294 54
1746958003942 0.89086 55
1746958015923 0.92859 56
1746958029608 0.96823 57
1746958100802 0.90826 58
1746958110150 0.79987 59
1746958118374 0.83889 60
1746958126546 0.84373 61
1746958135297 0.86418 62
1746958203659 0.88451 63
1746958210749 0.7663 64
1746958284009 0.87812 65
1746958294427 0.906 66
1746958301256 0.89435 67
1746958309610 0.8706 68
1746958382453 0.8198 69
1746958392191 0.93058 70
1746958399471 0.95441 71
1746958407425 0.8565 72
1746958414289 0.79821 73
1746958482086 0.72281 74
1746958488830 0.86497 75
1746958498179 0.80654 76
1746958506240 0.75863 77
1746958513102 0.823 78
1746958519878 0.74654 79
1746958587173 0.92538 80
1746958594820 0.74503 81
1746958603411 0.79971 82
1746958610004 0.72238 83
1746958616585 0.7557 84
1746958624302 0.78265 85
1746958693859 0.74352 86
1746958700769 0.75123 87
1746958709663 0.91584 88
1746958718747 0.77944 89
1746958725531 0.64906 90
1746958731999 0.66809 91
1746958738666 0.67345 92
1746958805653 0.67873 93
1746958813391 0.6514 94
1746958819992 0.72834 95
1746958826594 0.62958 96
1746958834092 0.602 97
1746958840593 0.62562 98
1746958907601 0.67354 99
