1746956766179 4.47832 0
1746956773379 2.49902 1
1746956783025 2.14413 2
1746956792967 1.61014 3
1746956802514 1.42674 4
1746956815199 1.39373 5
1746956825023 1.4814 6
1746956834778 1.54939 7
1746956844670 1.54887 8
1746956854536 1.41275 9
1746956927045 1.29618 10
1746956942164 1.081 11
1746956954086 1.13901 12
1746957022152 1.28648 13
1746957044662 0.95858 14
1746957124715 0.82221 15
1746957134373 0.94804 16
1746957144148 0.85065 17
1746957153996 1.10353 18
1746957162637 1.13448 19
1746957234593 1.10637 20
1746957244375 1.31242 21
1746957254324 0.94596 22
1746957264164 1.02081 23
1746957275140 0.99952 24
1746957343133 0.74371 25
1746957353687 0.83308 26
1746957360222 0.84218 27
1746957372006 0.79596 28
1746957384394 0.7775 29
1746957395559 0.76882 30
1746957402004 0.81122 31
1746957412506 0.68583 32
1746957482404 0.77088 33
1746957492362 0.70824 34
1746957501480 0.70336 35
1746957513344 0.85603 36
1746957587666 0.81594 37
1746957598088 0.70314 38
1746957604538 0.74058 39
1746957614724 0.84589 40
1746957686821 0.67653 41
1746957698397 0.65893 42
1746957708938 0.69231 43
1746957720529 0.62312 44
1746957732297 0.70776 45
1746957799855 0.64793 46
1746957811535 0.72366 47
1746957819977 0.60485 48
1746957888686 0.65301 49
1746957896458 0.56208 50
1746957903187 0.66653 51
1746957914531 0.60315 52
1746957925434 0.61108 53
1746957995752 0.62687 54
1746958003942 0.60228 55
1746958015923 0.63966 56
1746958029608 0.6123 57
1746958100802 0.59529 58
1746958110150 0.59207 59
1746958118374 0.58905 60
1746958126546 0.56529 61
1746958135297 0.54615 62
1746958203659 0.57839 63
1746958210749 0.56984 64
1746958284009 0.5991 65
1746958294427 0.561 66
1746958301256 0.56484 67
1746958309610 0.685 68
1746958382453 0.53699 69
1746958392191 0.61697 70
1746958399471 0.61342 71
1746958407425 0.56103 72
1746958414289 0.49045 73
1746958482086 0.51575 74
1746958488830 0.542 75
1746958498179 0.51352 76
1746958506240 0.49552 77
1746958513102 0.51144 78
1746958519878 0.49092 79
1746958587173 0.63448 80
1746958594820 0.46651 81
1746958603411 0.56065 82
1746958610004 0.47914 83
1746958616585 0.47562 84
1746958624302 0.49079 85
1746958693859 0.49082 86
1746958700769 0.50751 87
1746958709663 0.50605 88
1746958718747 0.51523 89
1746958725531 0.4276 90
1746958731999 0.47451 91
1746958738666 0.43445 92
1746958805653 0.44428 93
1746958813391 0.43224 94
1746958819992 0.44056 95
1746958826594 0.40487 96
1746958834092 0.41111 97
1746958840593 0.39979 98
1746958907601 0.40935 99
