1746956766179 1.53444 0
1746956773379 1.09754 1
1746956783025 1.11883 2
1746956792967 1.05618 3
1746956802514 1.07649 4
1746956815199 1.153 5
1746956825023 1.22444 6
1746956834778 1.23332 7
1746956844670 1.16562 8
1746956854536 1.17941 9
1746956927045 1.19211 10
1746956942164 1.11946 11
1746956954086 1.09795 12
1746957022152 1.32253 13
1746957044662 1.20215 14
1746957124715 1.09802 15
1746957134373 1.14251 16
1746957144148 1.13637 17
1746957153996 1.15766 18
1746957162637 1.20933 19
1746957234593 1.20405 20
1746957244375 1.26645 21
1746957254324 1.15618 22
1746957264164 1.45272 23
1746957275140 1.32853 24
1746957343133 1.09189 25
1746957353687 1.25458 26
1746957360222 1.23496 27
1746957372006 1.17604 28
1746957384394 1.24479 29
1746957395559 1.33615 30
1746957402004 1.24199 31
1746957412506 1.12638 32
1746957482404 1.1567 33
1746957492362 1.14848 34
1746957501480 1.13897 35
1746957513344 1.22505 36
1746957587666 1.51046 37
1746957598088 1.23427 38
1746957604538 1.13611 39
1746957614724 1.28602 40
1746957686821 1.14428 41
1746957698397 1.14021 42
1746957708938 1.01994 43
1746957720529 1.08519 44
1746957732297 1.12838 45
1746957799855 1.07682 46
1746957811535 1.0716 47
1746957819977 1.05683 48
1746957888686 1.11304 49
1746957896458 1.04488 50
1746957903187 1.10673 51
1746957914531 1.07189 52
1746957925434 1.09181 53
1746957995752 1.18441 54
1746958003942 1.03714 55
1746958015923 1.14733 56
1746958029608 1.07118 57
1746958100802 1.17541 58
1746958110150 1.03093 59
1746958118374 1.06701 60
1746958126546 0.99837 61
1746958135297 0.97209 62
1746958203659 1.16868 63
1746958210749 1.06686 64
1746958284009 1.05669 65
1746958294427 1.10006 66
1746958301256 1.09806 67
1746958309610 1.05573 68
1746958382453 1.00664 69
1746958392191 1.06876 70
1746958399471 1.15102 71
1746958407425 1.08994 72
1746958414289 1.03116 73
1746958482086 1.03999 74
1746958488830 1.06624 75
1746958498179 1.00288 76
1746958506240 1.0026 77
1746958513102 1.02401 78
1746958519878 1.02356 79
1746958587173 1.26653 80
1746958594820 0.93129 81
1746958603411 1.1088 82
1746958610004 0.99329 83
1746958616585 0.99829 84
1746958624302 1.00019 85
1746958693859 1.05307 86
1746958700769 1.00167 87
1746958709663 1.06482 88
1746958718747 1.01254 89
1746958725531 0.96214 90
1746958731999 1.03079 91
1746958738666 0.96218 92
1746958805653 1.01896 93
1746958813391 1.01991 94
1746958819992 1.04355 95
1746958826594 0.95831 96
1746958834092 0.99674 97
1746958840593 0.93421 98
1746958907601 0.98045 99
