1746933338267 0.0002 0
1746933345683 0.000411684 1
1746933351918 0.000614656 2
1746933358452 0.0008089159999999999 3
1746933364369 0.000994464 4
1746933370652 0.0011713000000000001 5
1746933376367 0.0013394239999999999 6
1746933382432 0.0014988360000000001 7
1746933389043 0.001649536 8
1746933395602 0.0016436000000000003 9
1746933403914 0.0016040000000000002 10
1746933410424 0.0015644 11
1746933416819 0.0015248 12
1746933423513 0.0014852 13
1746933430147 0.0014456 14
1746933437652 0.001406 15
1746933445898 0.0013663999999999998 16
1746933453221 0.0013267999999999997 17
1746933462068 0.0012872 18
1746933467916 0.0012476 19
1746933475838 0.001208 20
1746933485637 0.0011684000000000002 21
1746933492712 0.0011288000000000001 22
1746933501289 0.0010892000000000002 23
1746933508483 0.0010496000000000001 24
1746933518500 0.00101 25
1746933526625 0.0009704 26
1746933536805 0.0009308 27
1746933544043 0.0008911999999999999 28
1746933552500 0.0008516000000000001 29
1746933560443 0.0008120000000000001 30
1746933567076 0.0007724 31
1746933575282 0.0007328 32
1746933583912 0.0006931999999999999 33
1746933592322 0.0006536 34
1746933601851 0.0006140000000000001 35
1746933610368 0.0005744000000000001 36
1746933618234 0.0005348000000000001 37
1746933625830 0.0004952 38
1746933634320 0.00045559999999999996 39
1746933642219 0.0004159999999999999 40
1746933648523 0.00037640000000000015 41
1746933654840 0.0003368000000000001 42
1746933663801 0.0002972 43
1746933670788 0.00025760000000000003 44
1746933678405 0.00021799999999999996 45
1746933687285 0.00017839999999999992 46
1746933693932 0.0001388000000000001 47
1746933702473 9.920000000000008e-05 48
1746933712553 5.9600000000000046e-05 49
