1746941795722 1.64206 0
1746941800568 1.2731 1
1746941804407 1.14501 2
1746941808216 1.25039 3
1746941812128 1.17708 4
1746941824989 1.09488 5
1746941829922 1.09333 6
1746941834035 1.05838 7
1746941837908 1.14054 8
1746941845492 1.06001 9
1746941853320 1.11598 10
1746941858089 1.16588 11
1746941861669 0.98798 12
1746941866501 1.18476 13
1746941871290 1.09956 14
1746941878432 1.07263 15
1746941882231 1.08745 16
1746941888867 1.24591 17
1746941893646 1.05125 18
1746941897346 1.11913 19
1746941901913 1.13268 20
1746941909201 1.12756 21
1746941916790 1.20651 22
1746941920397 1.17475 23
1746941927429 1.09581 24
1746941931586 1.08376 25
1746941940462 1.20302 26
1746941948005 1.06084 27
1746941953592 0.93355 28
1746941957015 0.95667 29
1746941966632 0.98673 30
1746941971474 1.02163 31
1746941978201 1.0478 32
1746941984950 1.01997 33
1746941988609 1.02529 34
1746941992093 1.08587 35
1746941999223 1.04075 36
1746942005644 1.00843 37
1746942012704 0.96576 38
1746942019890 0.97191 39
1746942037011 0.95127 40
1746942052400 0.895 41
1746942068586 0.8627 42
1746942084689 0.96401 43
1746942101530 0.86713 44
1746942114981 0.9416 45
1746942129839 0.9453 46
1746942142230 0.96348 47
1746942161519 0.94215 48
1746942180578 0.87713 49
1746942199781 0.92399 50
1746942218673 0.94311 51
1746942235812 0.81229 52
1746942248621 0.81416 53
1746942268115 0.95073 54
1746942288223 0.90706 55
1746942302031 0.8215 56
1746942319042 0.94159 57
1746942338714 0.86068 58
1746942358025 0.903 59
1746942374119 0.82789 60
1746942389360 0.77086 61
1746942410804 0.87359 62
1746942424537 0.84789 63
1746942437340 0.75366 64
1746942446113 0.73599 65
1746942460123 0.79626 66
1746942475261 0.92312 67
1746942485192 0.74786 68
1746942505445 0.8033 69
1746942520343 0.86255 70
1746942537499 0.81235 71
1746942552719 0.89764 72
1746942576486 0.83044 73
1746942595807 0.80615 74
1746942609455 0.77737 75
1746942623931 0.89861 76
1746942643089 0.74167 77
1746942660557 0.75076 78
1746942677897 0.82483 79
1746942690989 0.67927 80
1746942706860 0.74804 81
1746942730108 0.7841 82
1746942741176 0.76154 83
1746942755496 0.7527 84
1746942768208 0.68843 85
1746942782387 0.69855 86
1746942801477 0.73026 87
1746942815648 0.70711 88
1746942833525 0.69511 89
1746942851935 0.6877 90
1746942868482 0.62833 91
1746942881777 0.68135 92
1746942894424 0.65005 93
1746942907148 0.67269 94
1746942918857 0.57787 95
1746942940471 0.63502 96
1746942949484 0.66543 97
1746942962579 0.61735 98
1746942973953 0.62043 99
