1746941795722 3.79231 0
1746941800568 3.54005 1
1746941804407 2.90716 2
1746941808216 2.24817 3
1746941812128 2.23788 4
1746941824989 1.61972 5
1746941829922 1.64605 6
1746941834035 1.62347 7
1746941837908 1.75369 8
1746941845492 1.48682 9
1746941853320 1.41984 10
1746941858089 1.80868 11
1746941861669 1.60352 12
1746941866501 1.78006 13
1746941871290 1.4429 14
1746941878432 1.49911 15
1746941882231 1.77342 16
1746941888867 1.67748 17
1746941893646 1.40811 18
1746941897346 1.36844 19
1746941901913 1.34514 20
1746941909201 1.33245 21
1746941916790 1.34372 22
1746941920397 1.27289 23
1746941927429 1.20204 24
1746941931586 1.34096 25
1746941940462 1.37842 26
1746941948005 1.37451 27
1746941953592 1.25997 28
1746941957015 1.37218 29
1746941966632 1.29657 30
1746941971474 1.31421 31
1746941978201 1.35463 32
1746941984950 1.24206 33
1746941988609 1.22548 34
1746941992093 1.29689 35
1746941999223 1.15839 36
1746942005644 1.18515 37
1746942012704 1.11162 38
1746942019890 1.16472 39
1746942037011 1.13344 40
1746942052400 1.08256 41
1746942068586 1.04227 42
1746942084689 0.99961 43
1746942101530 1.00622 44
1746942114981 1.07019 45
1746942129839 1.0083 46
1746942142230 1.01115 47
1746942161519 0.95438 48
1746942180578 0.92501 49
1746942199781 0.93706 50
1746942218673 0.95963 51
1746942235812 0.88266 52
1746942248621 0.99225 53
1746942268115 0.96475 54
1746942288223 0.90482 55
1746942302031 0.85596 56
1746942319042 0.91692 57
1746942338714 0.90223 58
1746942358025 0.98741 59
1746942374119 0.84374 60
1746942389360 1.02015 61
1746942410804 0.83174 62
1746942424537 0.95349 63
1746942437340 0.78937 64
1746942446113 0.76961 65
1746942460123 0.83604 66
1746942475261 0.9158 67
1746942485192 0.87924 68
1746942505445 0.75582 69
1746942520343 0.87403 70
1746942537499 0.82195 71
1746942552719 0.83784 72
1746942576486 0.79761 73
1746942595807 0.82775 74
1746942609455 0.76168 75
1746942623931 0.80189 76
1746942643089 0.73333 77
1746942660557 0.751 78
1746942677897 0.79719 79
1746942690989 0.69309 80
1746942706860 0.8068 81
1746942730108 0.74351 82
1746942741176 0.69999 83
1746942755496 0.83692 84
1746942768208 0.69482 85
1746942782387 0.70646 86
1746942801477 0.67107 87
1746942815648 0.68737 88
1746942833525 0.66066 89
1746942851935 0.74491 90
1746942868482 0.76497 91
1746942881777 0.69226 92
1746942894424 0.68504 93
1746942907148 0.73593 94
1746942918857 0.67341 95
1746942940471 0.69637 96
1746942949484 0.73296 97
1746942962579 0.69148 98
1746942973953 0.69854 99
