1746941795722 1.36427 0
1746941800568 1.17931 1
1746941804407 1.11601 2
1746941808216 1.06972 3
1746941812128 1.06493 4
1746941824989 1.01552 5
1746941829922 1.05813 6
1746941834035 1.03065 7
1746941837908 1.10839 8
1746941845492 1.01365 9
1746941853320 0.99218 10
1746941858089 1.07952 11
1746941861669 1.03101 12
1746941866501 1.11124 13
1746941871290 1.03753 14
1746941878432 1.08958 15
1746941882231 1.08857 16
1746941888867 1.11501 17
1746941893646 1.00352 18
1746941897346 1.10504 19
1746941901913 1.11711 20
1746941909201 1.1185 21
1746941916790 1.03682 22
1746941920397 1.03053 23
1746941927429 1.03015 24
1746941931586 1.06115 25
1746941940462 1.02688 26
1746941948005 1.02379 27
1746941953592 0.9986 28
1746941957015 1.03002 29
1746941966632 1.05739 30
1746941971474 1.02185 31
1746941978201 1.09347 32
1746941984950 1.0075 33
1746941988609 1.08627 34
1746941992093 1.14802 35
1746941999223 1.0481 36
1746942005644 1.04526 37
1746942012704 1.0057 38
1746942019890 1.01102 39
1746942037011 0.98111 40
1746942052400 1.00049 41
1746942068586 0.93834 42
1746942084689 0.95578 43
1746942101530 0.9609 44
1746942114981 0.98893 45
1746942129839 0.95819 46
1746942142230 0.99573 47
1746942161519 0.98944 48
1746942180578 0.95211 49
1746942199781 0.95066 50
1746942218673 1.01904 51
1746942235812 0.93939 52
1746942248621 0.96933 53
1746942268115 1.00142 54
1746942288223 0.99701 55
1746942302031 0.96712 56
1746942319042 0.98036 57
1746942338714 0.96231 58
1746942358025 1.00752 59
1746942374119 0.97864 60
1746942389360 0.93754 61
1746942410804 0.94434 62
1746942424537 0.99137 63
1746942437340 0.97133 64
1746942446113 0.89842 65
1746942460123 0.96108 66
1746942475261 1.03549 67
1746942485192 0.94406 68
1746942505445 0.95599 69
1746942520343 1.01876 70
1746942537499 0.95496 71
1746942552719 0.99405 72
1746942576486 0.91685 73
1746942595807 0.98556 74
1746942609455 0.95042 75
1746942623931 0.99083 76
1746942643089 0.9208 77
1746942660557 0.91395 78
1746942677897 0.95226 79
1746942690989 0.93955 80
1746942706860 0.96753 81
1746942730108 0.95317 82
1746942741176 0.91006 83
1746942755496 0.9349 84
1746942768208 0.91941 85
1746942782387 0.90126 86
1746942801477 0.91174 87
1746942815648 0.94196 88
1746942833525 0.90532 89
1746942851935 0.94404 90
1746942868482 0.88369 91
1746942881777 0.90214 92
1746942894424 0.86768 93
1746942907148 0.90915 94
1746942918857 0.88848 95
1746942940471 0.86468 96
1746942949484 0.8914 97
1746942962579 0.88255 98
1746942973953 0.92007 99
