1746953455884 0.20274 0
1746953460035 0.28156 1
1746953464073 0.75454 2
1746953468382 0.77763 3
1746953472644 0.82452 4
1746953477133 0.72822 5
1746953480867 0.67775 6
1746953485030 0.70673 7
1746953489523 0.5719 8
1746953493970 0.48678 9
1746953498045 0.32775 10
1746953504922 0.2865 11
1746953510292 0.32838 12
1746953514374 0.31706 13
1746953518361 0.28499 14
1746953522171 0.25436 15
1746953526380 0.24247 16
1746953530595 0.24289 17
1746953535189 0.31164 18
1746953539248 0.32686 19
1746953543079 0.38585 20
1746953547075 0.4218 21
1746953550821 0.44955 22
1746953554668 0.51948 23
1746953559137 0.61082 24
1746953562906 0.60344 25
1746953566515 0.58842 26
1746953570179 0.55574 27
1746953574784 0.55574 28
1746953581005 0.57475 29
1746953585934 0.77138 30
1746953592689 0.83651 31
1746953596855 0.83651 32
1746953604671 0.52257 33
1746953610542 0.90041 34
1746953616000 0.9427 35
1746953619954 0.9427 36
1746953624453 0.97045 37
1746953630054 0.995 38
1746953636681 0.98429 39
1746953641453 0.98429 40
1746953649373 0.97951 41
1746953655236 0.97951 42
1746953661115 0.98188 43
1746953665088 0.98188 44
1746953671042 0.98567 45
1746953677396 0.98429 46
1746953682177 0.98429 47
1746953686108 0.98429 48
1746953691173 0.97951 49
1746953695212 0.9842857142857144 49
