1746953455884 0.09758 0
1746953460035 0.16261 1
1746953464073 0.47514 2
1746953468382 0.47352 3
1746953472644 0.52231 4
1746953477133 0.46705 5
1746953480867 0.47177 6
1746953485030 0.49425 7
1746953489523 0.37997 8
1746953493970 0.31911 9
1746953498045 0.25676 10
1746953504922 0.22235 11
1746953510292 0.24621 12
1746953514374 0.23722 13
1746953518361 0.1777 14
1746953522171 0.16671 15
1746953526380 0.16894 16
1746953530595 0.16371 17
1746953535189 0.2145 18
1746953539248 0.22767 19
1746953543079 0.28561 20
1746953547075 0.29794 21
1746953550821 0.29612 22
1746953554668 0.34265 23
1746953559137 0.39533 24
1746953562906 0.40527 25
1746953566515 0.41415 26
1746953570179 0.38859 27
1746953574784 0.38859 28
1746953581005 0.44831 29
1746953585934 0.5764 30
1746953592689 0.63308 31
1746953596855 0.63308 32
1746953604671 0.38072 33
1746953610542 0.72024 34
1746953616000 0.68777 35
1746953619954 0.68777 36
1746953624453 0.70746 37
1746953630054 0.71298 38
1746953636681 0.742 39
1746953641453 0.742 40
1746953649373 0.73659 41
1746953655236 0.74027 42
1746953661115 0.72767 43
1746953665088 0.72767 44
1746953671042 0.73781 45
1746953677396 0.7296 46
1746953682177 0.7286 47
1746953686108 0.7286 48
1746953691173 0.7274 49
1746953695212 0.7419976795634922 49
