1746953455884 0.008 0
1746953460035 0.00733 1
1746953464073 0.008 2
1746953468382 0.00733 3
1746953472644 0.00867 4
1746953477133 0.00867 5
1746953480867 0.00867 6
1746953485030 0.00867 7
1746953489523 0.00867 8
1746953493970 0.0155 9
1746953498045 0.00874 10
1746953504922 0.56076 11
1746953510292 1.0 12
1746953514374 1.0 13
1746953518361 0.92797 14
1746953522171 0.95145 15
1746953526380 0.88681 16
1746953530595 0.9093 17
1746953535189 1.0 18
1746953539248 1.0 19
1746953543079 1.0 20
1746953547075 1.0 21
1746953550821 0.80998 22
1746953554668 1.0 23
1746953559137 1.0 24
1746953562906 1.0 25
1746953566515 1.0 26
1746953570179 0.88121 27
1746953574784 0.88121 28
1746953581005 0.63069 29
1746953585934 0.75758 30
1746953592689 0.8868 31
1746953596855 0.8868 32
1746953604671 0.98719 33
1746953610542 1.0 34
1746953616000 0.97327 35
1746953619954 0.97327 36
1746953624453 1.0 37
1746953630054 1.0 38
1746953636681 0.92468 39
1746953641453 0.92468 40
1746953649373 1.0 41
1746953655236 1.0 42
1746953661115 1.0 43
1746953665088 1.0 44
1746953671042 1.0 45
1746953677396 0.92455 46
1746953682177 0.92747 47
1746953686108 0.92747 48
1746953691173 1.0 49
1746953695212 0.9247042179938331 49
