1746953455884 0.92308 0
1746953460035 0.84615 1
1746953464073 0.92308 2
1746953468382 0.84615 3
1746953472644 1.0 4
1746953477133 1.0 5
1746953480867 1.0 6
1746953485030 1.0 7
1746953489523 1.0 8
1746953493970 0.84615 9
1746953498045 1.0 10
1746953504922 0.15385 11
1746953510292 0.14693 12
1746953514374 0.19949 13
1746953518361 0.23077 14
1746953522171 0.23077 15
1746953526380 0.23077 16
1746953530595 0.23077 17
1746953535189 0.26422 18
1746953539248 0.2239 19
1746953543079 0.22898 20
1746953547075 0.28554 21
1746953550821 0.23077 22
1746953554668 0.28747 23
1746953559137 0.29745 24
1746953562906 0.30452 25
1746953566515 0.41627 26
1746953570179 0.38462 27
1746953574784 0.38462 28
1746953581005 0.39511 29
1746953585934 0.69231 30
1746953592689 0.69231 31
1746953596855 0.69231 32
1746953604671 0.38462 33
1746953610542 0.76132 34
1746953616000 0.76923 35
1746953619954 0.76923 36
1746953624453 0.82807 37
1746953630054 0.89627 38
1746953636681 0.94553 39
1746953641453 0.94553 40
1746953649373 0.84012 41
1746953655236 0.84229 42
1746953661115 0.88861 43
1746953665088 0.88861 44
1746953671042 0.89706 45
1746953677396 0.94368 46
1746953682177 0.98453 47
1746953686108 0.98453 48
1746953691173 0.83898 49
1746953695212 0.9458590519136619 49
