1746918411130 1.47598 0
1746918662665 2.04995 1
1746918754802 2.3663 2
1746919089561 2.19711 3
1746919556521 2.34103 4
1746919682986 2.35856 5
1746919890985 2.41228 6
1746919973309 2.27953 7
1746920134230 2.62212 8
1746920283252 2.18311 9
1746920393371 2.24798 10
1746920418466 2.67269 11
1746920531017 2.19859 12
1746920758635 2.05097 13
1746920911155 2.00509 14
1746920924427 2.09917 15
1746920942700 2.04755 16
1746920959187 1.92062 17
1746920976032 1.83402 18
1746921015660 2.17965 19
1746921092255 1.76439 20
1746921129018 1.59942 21
1746921216947 1.56808 22
1746921573472 1.71257 23
1746922580731 1.68191 24
1746922823830 1.56857 25
1746923847128 1.57712 26
1746924522021 1.42015 27
1746924554947 1.62195 28
1746925587085 1.68577 29
