1746918411130 3.09555 0
1746918662665 3.57344 1
1746918754802 3.29393 2
1746919089561 2.83048 3
1746919556521 4.07477 4
1746919682986 3.75093 5
1746919890985 3.66882 6
1746919973309 3.49148 7
1746920134230 3.2222 8
1746920283252 3.04008 9
1746920393371 2.73839 10
1746920418466 2.79667 11
1746920531017 2.59896 12
1746920758635 2.38877 13
1746920911155 2.43808 14
1746920924427 2.3309 15
1746920942700 2.20527 16
1746920959187 2.17462 17
1746920976032 2.28656 18
1746921015660 2.48013 19
1746921092255 1.94163 20
1746921129018 1.80801 21
1746921216947 1.82005 22
1746921573472 1.7475 23
1746922580731 1.67452 24
1746922823830 1.59509 25
1746923847128 1.6841 26
1746924522021 1.58457 27
1746924554947 1.66803 28
1746925587085 1.65814 29
