1746918411130 1.25959 0
1746918662665 1.87392 1
1746918754802 2.05697 2
1746919089561 1.97067 3
1746919556521 2.13187 4
1746919682986 2.06013 5
1746919890985 2.30219 6
1746919973309 2.18578 7
1746920134230 2.23951 8
1746920283252 1.94186 9
1746920393371 2.09034 10
1746920418466 2.31853 11
1746920531017 1.99466 12
1746920758635 2.12818 13
1746920911155 1.85916 14
1746920924427 1.97412 15
1746920942700 1.80355 16
1746920959187 1.83152 17
1746920976032 1.84539 18
1746921015660 1.97452 19
1746921092255 1.76455 20
1746921129018 1.65189 21
1746921216947 1.61946 22
1746921573472 1.6934 23
1746922580731 1.67651 24
1746922823830 1.56941 25
1746923847128 1.54882 26
1746924522021 1.45315 27
1746924554947 1.54982 28
1746925587085 1.65946 29
