1746888614486 0.0021000000000000003 0
1746888621488 0.00421486 1
1746888628749 0.0062426 2
1746888636167 0.00818322 3
1746888644740 0.009208000000000001 4
1746888652331 0.00901 5
1746888665791 0.008812 6
1746888677084 0.008614 7
1746888695983 0.008416 8
1746888704866 0.008218000000000001 9
1746888714890 0.008020000000000001 10
1746888726183 0.007822 11
1746888736431 0.007624 12
1746888745983 0.007426 13
1746888765553 0.007228 14
1746888772675 0.00703 15
1746888788993 0.0068319999999999995 16
1746888802161 0.006633999999999999 17
1746888808283 0.006436000000000001 18
1746888817538 0.0062380000000000005 19
1746888835775 0.00604 20
1746888848053 0.005842000000000001 21
1746888876893 0.005644000000000001 22
1746888907020 0.005446000000000001 23
1746888927049 0.005248000000000001 24
1746888939055 0.00505 25
1746888963202 0.0048519999999999995 26
1746888980142 0.004654 27
1746888994493 0.004456 28
1746889013712 0.0042580000000000005 29
1746889029716 0.00406 30
1746889053116 0.003862 31
1746889081887 0.003664 32
1746889099063 0.003466 33
1746889116481 0.003268 34
1746889137565 0.0030700000000000007 35
1746889157436 0.002872 36
1746889176889 0.002674 37
1746889197207 0.002476 38
1746889216359 0.0022779999999999996 39
1746889239759 0.00208 40
1746889262949 0.0018820000000000006 41
1746889292499 0.0016840000000000006 42
1746889318708 0.0014860000000000001 43
1746889335561 0.001288 44
1746889352836 0.0010899999999999998 45
1746889371094 0.0008919999999999996 46
1746889390948 0.0006940000000000005 47
1746889407775 0.0004960000000000005 48
1746889420197 0.0002980000000000002 49
