1746934916638 1.4668 0
1746934920803 1.29722 1
1746934925688 1.18199 2
1746934931390 1.15301 3
1746934937688 1.24914 4
1746934942961 1.26323 5
1746934948350 1.24021 6
1746934954520 1.25937 7
1746934961266 1.22153 8
1746934965750 1.22219 9
1746934972515 1.25383 10
1746934979492 1.3551 11
1746934985702 1.2413 12
1746934994514 1.29245 13
1746935000806 1.26181 14
1746935005167 1.17466 15
1746935010588 1.24395 16
1746935016928 1.24905 17
1746935024745 1.30535 18
1746935030223 1.26418 19
1746935036158 1.24998 20
1746935042161 1.25576 21
1746935047353 1.12382 22
1746935056924 1.20007 23
1746935064212 1.19204 24
1746935070050 1.21377 25
1746935076977 1.13707 26
1746935082517 1.08657 27
1746935086638 1.1535 28
1746935092450 1.08537 29
1746935101157 1.01772 30
1746935107972 1.05333 31
1746935116906 1.13542 32
1746935124029 1.20076 33
1746935130449 0.97075 34
1746935138896 1.1092 35
1746935143387 1.08746 36
1746935149819 0.9412 37
1746935154442 1.04497 38
1746935160663 0.99717 39
1746935167841 1.08647 40
1746935172626 0.93815 41
1746935180214 1.08181 42
1746935188810 0.96585 43
1746935194502 0.94148 44
1746935205918 1.0607 45
1746935213795 0.88794 46
1746935218451 0.98052 47
1746935225797 1.06576 48
