1746934916638 3.58502 0
1746934920803 3.28286 1
1746934925688 2.47319 2
1746934931390 2.47839 3
1746934937688 2.39981 4
1746934942961 2.45541 5
1746934948350 2.34546 6
1746934954520 2.08557 7
1746934961266 4.86767 8
1746934965750 2.72701 9
1746934972515 2.91395 10
1746934979492 2.57551 11
1746934985702 1.91449 12
1746934994514 2.08865 13
1746935000806 1.82952 14
1746935005167 1.60956 15
1746935010588 1.81537 16
1746935016928 1.80375 17
1746935024745 1.75814 18
1746935030223 2.26726 19
1746935036158 2.1159 20
1746935042161 1.71912 21
1746935047353 1.74397 22
1746935056924 1.90058 23
1746935064212 1.81949 24
1746935070050 1.57027 25
1746935076977 2.21655 26
1746935082517 1.63348 27
1746935086638 1.43078 28
1746935092450 1.40919 29
1746935101157 1.33583 30
1746935107972 1.54575 31
1746935116906 1.54067 32
1746935124029 1.8186 33
1746935130449 1.55208 34
1746935138896 1.36214 35
1746935143387 1.43254 36
1746935149819 1.22956 37
1746935154442 1.42034 38
1746935160663 1.31842 39
1746935167841 1.30032 40
1746935172626 1.15801 41
1746935180214 1.34255 42
1746935188810 1.1983 43
1746935194502 1.11034 44
1746935205918 1.18185 45
1746935213795 1.00671 46
1746935218451 1.10993 47
1746935225797 1.21059 48
