1746934916638 1.2033 0
1746934920803 1.17566 1
1746934925688 1.11105 2
1746934931390 1.07785 3
1746934937688 1.18184 4
1746934942961 1.23072 5
1746934948350 1.32127 6
1746934954520 1.30002 7
1746934961266 1.10604 8
1746934965750 1.19569 9
1746934972515 1.246 10
1746934979492 1.30112 11
1746934985702 1.17675 12
1746934994514 1.26059 13
1746935000806 1.19766 14
1746935005167 1.1438 15
1746935010588 1.16266 16
1746935016928 1.2291 17
1746935024745 1.31872 18
1746935030223 1.24231 19
1746935036158 1.26012 20
1746935042161 1.28408 21
1746935047353 1.13378 22
1746935056924 1.17839 23
1746935064212 1.23734 24
1746935070050 1.18285 25
1746935076977 1.15499 26
1746935082517 1.15533 27
1746935086638 1.18744 28
1746935092450 1.13073 29
1746935101157 1.13729 30
1746935107972 1.16045 31
1746935116906 1.17901 32
1746935124029 1.15242 33
1746935130449 1.09026 34
1746935138896 1.16484 35
1746935143387 1.13621 36
1746935149819 1.05902 37
1746935154442 1.15559 38
1746935160663 1.09303 39
1746935167841 1.15421 40
1746935172626 1.07324 41
1746935180214 1.17812 42
1746935188810 1.07375 43
1746935194502 1.10087 44
1746935205918 1.12796 45
1746935213795 1.0439 46
1746935218451 1.12046 47
1746935225797 1.15416 48
