1746890679540 1.47377 0
1746890683917 1.26091 1
1746890690006 1.12545 2
1746890695965 1.20425 3
1746890701759 1.14302 4
1746890710008 1.35286 5
1746890715772 1.07274 6
1746890722335 1.13975 7
1746890729313 1.16896 8
1746890735476 1.17428 9
1746890744845 1.33384 10
1746890751937 1.11347 11
1746890761668 1.1464 12
1746890772150 1.23231 13
1746890781594 1.17401 14
1746890793244 1.24197 15
1746890800080 1.15715 16
1746890810048 1.26066 17
1746890820031 1.22246 18
1746890827756 1.10457 19
1746890844008 1.07736 20
1746890865807 1.11821 21
1746890884058 0.99884 22
1746890902776 1.06513 23
1746890922169 1.07747 24
1746890944125 1.06059 25
1746890956231 1.13514 26
1746890977225 0.97365 27
1746891004747 1.02969 28
1746891028414 1.019 29
1746891053705 0.98672 30
1746891071909 1.01098 31
1746891103309 1.01367 32
1746891123968 1.03585 33
1746891155030 1.03628 34
1746891182643 1.03026 35
1746891208020 1.038 36
1746891227515 0.88387 37
1746891255340 0.93689 38
1746891281265 0.87021 39
1746891304035 0.87526 40
1746891321559 0.79959 41
1746891331256 0.8808 42
1746891352330 0.79047 43
1746891370369 0.84228 44
1746891387570 0.77763 45
1746891407566 0.7879 46
1746891427970 0.74408 47
1746891461552 0.77793 48
1746891482976 0.76025 49
