1746890679540 3.76028 0
1746890683917 3.88244 1
1746890690006 3.49306 2
1746890695965 3.32955 3
1746890701759 2.97737 4
1746890710008 2.87817 5
1746890715772 2.32786 6
1746890722335 1.91697 7
1746890729313 5.33906 8
1746890735476 2.27251 9
1746890744845 2.32831 10
1746890751937 1.97657 11
1746890761668 1.71775 12
1746890772150 1.93119 13
1746890781594 1.78163 14
1746890793244 1.42565 15
1746890800080 1.72976 16
1746890810048 1.78793 17
1746890820031 1.68515 18
1746890827756 1.97085 19
1746890844008 1.74195 20
1746890865807 1.62492 21
1746890884058 1.64178 22
1746890902776 1.70161 23
1746890922169 1.55342 24
1746890944125 1.35273 25
1746890956231 1.7331 26
1746890977225 1.46436 27
1746891004747 1.37465 28
1746891028414 1.38885 29
1746891053705 1.23236 30
1746891071909 1.37143 31
1746891103309 1.27809 32
1746891123968 1.67662 33
1746891155030 1.33665 34
1746891182643 1.1726 35
1746891208020 1.32112 36
1746891227515 1.21007 37
1746891255340 1.32969 38
1746891281265 1.16942 39
1746891304035 1.27391 40
1746891321559 1.25623 41
1746891331256 1.25046 42
1746891352330 1.10971 43
1746891370369 1.30142 44
1746891387570 1.24661 45
1746891407566 1.28648 46
1746891427970 1.17275 47
1746891461552 1.10979 48
1746891482976 1.16002 49
