1746890679540 1.21913 0
1746890683917 1.18407 1
1746890690006 1.14019 2
1746890695965 1.07117 3
1746890701759 1.0455 4
1746890710008 1.16517 5
1746890715772 1.07062 6
1746890722335 1.01877 7
1746890729313 0.97873 8
1746890735476 1.02304 9
1746890744845 1.11105 10
1746890751937 1.01984 11
1746890761668 1.02355 12
1746890772150 1.20183 13
1746890781594 1.08766 14
1746890793244 1.05926 15
1746890800080 1.03921 16
1746890810048 1.11116 17
1746890820031 1.11292 18
1746890827756 1.04522 19
1746890844008 1.07326 20
1746890865807 1.08919 21
1746890884058 1.00129 22
1746890902776 1.00275 23
1746890922169 1.10371 24
1746890944125 1.03394 25
1746890956231 1.18859 26
1746890977225 0.98862 27
1746891004747 1.0696 28
1746891028414 1.01235 29
1746891053705 1.04344 30
1746891071909 1.05078 31
1746891103309 1.04787 32
1746891123968 1.03511 33
1746891155030 1.01116 34
1746891182643 1.03357 35
1746891208020 1.04628 36
1746891227515 0.96356 37
1746891255340 1.07545 38
1746891281265 0.97471 39
1746891304035 0.96087 40
1746891321559 0.95676 41
1746891331256 0.99402 42
1746891352330 0.93425 43
1746891370369 0.95453 44
1746891387570 0.9226 45
1746891407566 0.95001 46
1746891427970 0.93759 47
1746891461552 0.97569 48
1746891482976 0.9376 49
