1746934608827 0.0002 0
1746934613445 0.000411684 1
1746934618272 0.000614656 2
1746934622680 0.0008089159999999999 3
1746934627768 0.000994464 4
1746934633426 0.0011713000000000001 5
1746934638445 0.0013394239999999999 6
1746934643893 0.0014988360000000001 7
1746934650878 0.001649536 8
1746934656047 0.0016436000000000003 9
1746934664172 0.0016040000000000002 10
1746934670660 0.0015644 11
1746934675918 0.0015248 12
1746934682719 0.0014852 13
1746934689322 0.0014456 14
1746934696000 0.001406 15
1746934703053 0.0013663999999999998 16
1746934709875 0.0013267999999999997 17
1746934718799 0.0012872 18
1746934724013 0.0012476 19
1746934729762 0.001208 20
1746934736163 0.0011684000000000002 21
1746934740195 0.0011288000000000001 22
1746934746900 0.0010892000000000002 23
1746934753446 0.0010496000000000001 24
1746934758545 0.00101 25
1746934764542 0.0009704 26
1746934771201 0.0009308 27
1746934777314 0.0008911999999999999 28
1746934785113 0.0008516000000000001 29
1746934792166 0.0008120000000000001 30
1746934797122 0.0007724 31
1746934803070 0.0007328 32
1746934810254 0.0006931999999999999 33
1746934816976 0.0006536 34
1746934823860 0.0006140000000000001 35
1746934829325 0.0005744000000000001 36
1746934836415 0.0005348000000000001 37
1746934840729 0.0004952 38
1746934846807 0.00045559999999999996 39
1746934853188 0.0004159999999999999 40
1746934857541 0.00037640000000000015 41
1746934864328 0.0003368000000000001 42
1746934870706 0.0002972 43
1746934875179 0.00025760000000000003 44
1746934881845 0.00021799999999999996 45
1746934886695 0.00017839999999999992 46
1746934891019 0.0001388000000000001 47
1746934897414 9.920000000000008e-05 48
1746934904522 5.9600000000000046e-05 49
