1746892277303 1.61648 0
1746892353543 1.28028 1
1746892468908 1.22449 2
1746892627708 1.23253 3
1746892688035 1.04317 4
1746892744585 1.15168 5
1746892829607 1.10938 6
1746892921443 1.08663 7
1746892996721 1.13023 8
1746893021556 1.00598 9
1746893086468 1.26718 10
1746893235157 1.07246 11
1746893317097 1.0183 12
1746893381865 1.28218 13
1746893438792 0.9951 14
1746893487917 0.87288 15
1746893535534 0.99996 16
1746893585518 0.99344 17
1746893628815 0.97272 18
1746893701181 0.92938 19
1746893759398 0.88158 20
1746893806174 0.76959 21
1746893853635 0.75989 22
1746893900074 0.84182 23
1746893939114 0.75552 24
1746893993700 0.78209 25
1746894049082 0.79513 26
1746894099553 0.75555 27
1746894156224 0.77308 28
1746894201586 0.76091 29
