1746892277303 4.26887 0
1746892353543 3.66401 1
1746892468908 3.55192 2
1746892627708 3.38253 3
1746892688035 2.92811 4
1746892744585 2.51228 5
1746892829607 2.27141 6
1746892921443 1.78303 7
1746892996721 1.64788 8
1746893021556 1.85018 9
1746893086468 1.71026 10
1746893235157 1.42666 11
1746893317097 1.33828 12
1746893381865 1.61105 13
1746893438792 1.42177 14
1746893487917 1.30333 15
1746893535534 1.54022 16
1746893585518 1.29874 17
1746893628815 1.4414 18
1746893701181 1.45947 19
1746893759398 1.28898 20
1746893806174 1.21634 21
1746893853635 1.25454 22
1746893900074 1.17966 23
1746893939114 1.35401 24
1746893993700 1.26207 25
1746894049082 1.33246 26
1746894099553 1.14867 27
1746894156224 1.22519 28
1746894201586 1.096 29
