1746892277303 1.34891 0
1746892353543 1.15436 1
1746892468908 1.13679 2
1746892627708 1.08365 3
1746892688035 1.00208 4
1746892744585 1.0491 5
1746892829607 1.07159 6
1746892921443 1.04989 7
1746892996721 0.98662 8
1746893021556 1.00338 9
1746893086468 1.10339 10
1746893235157 1.003 11
1746893317097 0.9879 12
1746893381865 1.12565 13
1746893438792 0.97771 14
1746893487917 0.95207 15
1746893535534 0.94649 16
1746893585518 1.00989 17
1746893628815 0.99899 18
1746893701181 0.967 19
1746893759398 0.98281 20
1746893806174 0.95271 21
1746893853635 0.90794 22
1746893900074 0.92095 23
1746893939114 0.89809 24
1746893993700 0.9154 25
1746894049082 0.96043 26
1746894099553 0.92444 27
1746894156224 0.9072 28
1746894201586 0.89997 29
