1746956766179 0.0001 0
1746956773379 0.000217822 1
1746956783025 0.000333268 2
1746956792967 0.000446338 3
1746956802514 0.000557032 4
1746956815199 0.0006653500000000001 5
1746956825023 0.0007712919999999999 6
1746956834778 0.0008748580000000001 7
1746956844670 0.0009760480000000001 8
1746956854536 0.001074862 9
1746956927045 0.0011713000000000001 10
1746956942164 0.001265362 11
1746956954086 0.001357048 12
1746957022152 0.0014463579999999998 13
1746957044662 0.0015332920000000001 14
1746957124715 0.00161785 15
1746957134373 0.0016832000000000001 16
1746957144148 0.0016634 17
1746957153996 0.0016436000000000003 18
1746957162637 0.0016238000000000001 19
1746957234593 0.0016040000000000002 20
1746957244375 0.0015842 21
1746957254324 0.0015644 22
1746957264164 0.0015446 23
1746957275140 0.0015248 24
1746957343133 0.0015049999999999998 25
1746957353687 0.0014852 26
1746957360222 0.0014654000000000002 27
1746957372006 0.0014456 28
1746957384394 0.0014258 29
1746957395559 0.001406 30
1746957402004 0.0013862 31
1746957412506 0.0013663999999999998 32
1746957482404 0.0013465999999999999 33
1746957492362 0.0013267999999999997 34
1746957501480 0.001307 35
1746957513344 0.0012872 36
1746957587666 0.0012674000000000001 37
1746957598088 0.0012476 38
1746957604538 0.0012278 39
1746957614724 0.001208 40
1746957686821 0.0011882000000000002 41
1746957698397 0.0011684000000000002 42
1746957708938 0.0011486 43
1746957720529 0.0011288000000000001 44
1746957732297 0.001109 45
1746957799855 0.0010892000000000002 46
1746957811535 0.0010694 47
1746957819977 0.0010496000000000001 48
1746957888686 0.0010298 49
1746957896458 0.00101 50
1746957903187 0.0009901999999999999 51
1746957914531 0.0009704 52
1746957925434 0.0009506 53
1746957995752 0.0009308 54
1746958003942 0.0009109999999999999 55
1746958015923 0.0008911999999999999 56
1746958029608 0.0008714 57
1746958100802 0.0008516000000000001 58
1746958110150 0.0008318000000000002 59
1746958118374 0.0008120000000000001 60
1746958126546 0.0007922000000000001 61
1746958135297 0.0007724 62
1746958203659 0.0007526000000000001 63
1746958210749 0.0007328 64
1746958284009 0.000713 65
1746958294427 0.0006931999999999999 66
1746958301256 0.0006733999999999999 67
1746958309610 0.0006536 68
1746958382453 0.0006338000000000001 69
1746958392191 0.0006140000000000001 70
1746958399471 0.0005942 71
1746958407425 0.0005744000000000001 72
1746958414289 0.0005546000000000001 73
1746958482086 0.0005348000000000001 74
1746958488830 0.000515 75
1746958498179 0.0004952 76
1746958506240 0.0004754 77
1746958513102 0.00045559999999999996 78
1746958519878 0.00043579999999999997 79
1746958587173 0.0004159999999999999 80
1746958594820 0.00039619999999999987 81
1746958603411 0.00037640000000000015 82
1746958610004 0.0003566000000000001 83
1746958616585 0.0003368000000000001 84
1746958624302 0.00031700000000000006 85
1746958693859 0.0002972 86
1746958700769 0.0002774 87
1746958709663 0.00025760000000000003 88
1746958718747 0.00023779999999999995 89
1746958725531 0.00021799999999999996 90
1746958731999 0.00019819999999999994 91
1746958738666 0.00017839999999999992 92
1746958805653 0.00015859999999999987 93
1746958813391 0.0001388000000000001 94
1746958819992 0.0001190000000000001 95
1746958826594 9.920000000000008e-05 96
1746958834092 7.940000000000006e-05 97
1746958840593 5.9600000000000046e-05 98
1746958907601 3.980000000000002e-05 99
