1746934916638 0.0002 0
1746934920803 0.00041584200000000003 1
1746934925688 0.000627328 2
1746934931390 0.000834458 3
1746934937688 0.001037232 4
1746934942961 0.0012356500000000002 5
1746934948350 0.0014297119999999999 6
1746934954520 0.001619418 7
1746934961266 0.0018047680000000002 8
1746934965750 0.0018218000000000002 9
1746934972515 0.001802 10
1746934979492 0.0017822 11
1746934985702 0.0017624 12
1746934994514 0.0017426 13
1746935000806 0.0017228 14
1746935005167 0.001703 15
1746935010588 0.0016832000000000001 16
1746935016928 0.0016634 17
1746935024745 0.0016436000000000003 18
1746935030223 0.0016238000000000001 19
1746935036158 0.0016040000000000002 20
1746935042161 0.0015842 21
1746935047353 0.0015644 22
1746935056924 0.0015446 23
1746935064212 0.0015248 24
1746935070050 0.0015049999999999998 25
1746935076977 0.0014852 26
1746935082517 0.0014654000000000002 27
1746935086638 0.0014456 28
1746935092450 0.0014258 29
1746935101157 0.001406 30
1746935107972 0.0013862 31
1746935116906 0.0013663999999999998 32
1746935124029 0.0013465999999999999 33
1746935130449 0.0013267999999999997 34
1746935138896 0.001307 35
1746935143387 0.0012872 36
1746935149819 0.0012674000000000001 37
1746935154442 0.0012476 38
1746935160663 0.0012278 39
1746935167841 0.001208 40
1746935172626 0.0011882000000000002 41
1746935180214 0.0011684000000000002 42
1746935188810 0.0011486 43
1746935194502 0.0011288000000000001 44
1746935205918 0.001109 45
1746935213795 0.0010892000000000002 46
1746935218451 0.0010694 47
1746935225797 0.0010496000000000001 48
