1746894267215 0.1648 0
1746894270959 0.1815 1
1746894277502 0.01174 2
1746894289601 0.23118 3
1746894293255 0.37477 4
1746894308458 0.30257 5
1746894312215 0.92279 6
1746894317876 0.92494 7
1746894324044 0.74351 8
1746894338938 0.21015 9
1746894355601 0.25298 10
1746894371506 0.29565 11
1746894397507 0.62458 12
1746894411225 0.26365 13
1746894426182 0.50137 14
1746894439826 0.26365 15
1746894445853 0.82576 16
1746894462149 0.30965 17
1746894477845 0.48062 18
1746894493870 0.54117 19
1746894568949 0.30965 20
1746894774529 0.30965 21
1746894885256 0.98429 22
1746894971448 0.30965 23
1746895041167 0.60868 24
1746895142209 0.30965 25
1746895225849 0.60868 26
1746895303760 0.30965 27
1746895378008 0.30965 28
1746895499820 0.67651 29
1746895639564 0.9705 30
1746895711291 0.57522 31
1746895784823 0.57757 32
1746895919507 0.30965 33
1746896022055 0.60157 34
1746896164363 0.60868 35
1746896225366 0.30965 36
1746896516549 0.69651 37
1746896795697 0.92536 38
1746896955240 0.61757 39
1746897056942 0.60868 40
1746897150132 0.68851 41
1746897213300 0.99 42
1746897286811 0.30965 43
1746897366385 0.30965 44
1746897444508 0.60868 45
1746897561936 0.68851 46
1746897618675 0.30965 47
1746897688876 0.30965 48
1746897834904 0.30965 49
1746897895607 0.6086799111111111 49
