1746894267215 0.07907 0
1746894270959 0.08648 1
1746894277502 0.00631 2
1746894289601 0.14618 3
1746894293255 0.24924 4
1746894308458 0.19697 5
1746894312215 0.51818 6
1746894317876 0.61163 7
1746894324044 0.53696 8
1746894338938 0.13301 9
1746894355601 0.18479 10
1746894371506 0.17564 11
1746894397507 0.41808 12
1746894411225 0.15914 13
1746894426182 0.29488 14
1746894439826 0.16891 15
1746894445853 0.52991 16
1746894462149 0.23415 17
1746894477845 0.33489 18
1746894493870 0.36629 19
1746894568949 0.22227 20
1746894774529 0.20653 21
1746894885256 0.63317 22
1746894971448 0.23485 23
1746895041167 0.43261 24
1746895142209 0.22268 25
1746895225849 0.39842 26
1746895303760 0.2548 27
1746895378008 0.25778 28
1746895499820 0.4584 29
1746895639564 0.67627 30
1746895711291 0.41237 31
1746895784823 0.42073 32
1746895919507 0.24193 33
1746896022055 0.42523 34
1746896164363 0.43591 35
1746896225366 0.24564 36
1746896516549 0.49023 37
1746896795697 0.66039 38
1746896955240 0.46336 39
1746897056942 0.43934 40
1746897150132 0.50628 41
1746897213300 0.71381 42
1746897286811 0.24417 43
1746897366385 0.23958 44
1746897444508 0.43268 45
1746897561936 0.49199 46
1746897618675 0.23708 47
1746897688876 0.23708 48
1746897834904 0.23 49
1746897895607 0.44681249363095227 49
