1746894267215 0.008 0
1746894270959 0.008 1
1746894277502 0.00778 2
1746894289601 0.00733 3
1746894293255 0.00867 4
1746894308458 0.01 5
1746894312215 1.0 6
1746894317876 1.0 7
1746894324044 1.0 8
1746894338938 0.01333 9
1746894355601 0.02916 10
1746894371506 1.0 11
1746894397507 1.0 12
1746894411225 0.59049 13
1746894426182 0.96269 14
1746894439826 0.61233 15
1746894445853 0.97482 16
1746894462149 1.0 17
1746894477845 0.82291 18
1746894493870 1.0 19
1746894568949 1.0 20
1746894774529 0.96246 21
1746894885256 0.9275 22
1746894971448 0.94791 23
1746895041167 0.98327 24
1746895142209 0.97418 25
1746895225849 0.83734 26
1746895303760 0.9729 27
1746895378008 0.96749 28
1746895499820 0.98705 29
1746895639564 0.99104 30
1746895711291 0.98659 31
1746895784823 0.99117 32
1746895919507 0.98621 33
1746896022055 0.99009 34
1746896164363 0.88572 35
1746896225366 0.98532 36
1746896516549 0.99717 37
1746896795697 0.99963 38
1746896955240 0.99431 39
1746897056942 0.87242 40
1746897150132 0.89946 41
1746897213300 0.9281 42
1746897286811 0.98428 43
1746897366385 0.98379 44
1746897444508 0.88666 45
1746897561936 0.89808 46
1746897618675 0.98355 47
1746897688876 0.9834 48
1746897834904 0.9834 49
1746897895607 0.8884210031352902 49
