1746894267215 0.92308 0
1746894270959 0.92308 1
1746894277502 0.53846 2
1746894289601 0.84615 3
1746894293255 1.0 4
1746894308458 0.69231 5
1746894312215 0.67241 6
1746894317876 0.36101 7
1746894324044 0.28967 8
1746894338938 0.30769 9
1746894355601 0.30769 10
1746894371506 0.21435 11
1746894397507 0.28706 12
1746894411225 0.07692 13
1746894426182 0.15385 14
1746894439826 0.12877 15
1746894445853 0.53846 16
1746894462149 0.28365 17
1746894477845 0.36057 18
1746894493870 0.3497 19
1746894568949 0.30639 20
1746894774529 0.30769 21
1746894885256 0.98494 22
1746894971448 0.30769 23
1746895041167 0.53846 24
1746895142209 0.30769 25
1746895225849 0.61538 26
1746895303760 0.30769 27
1746895378008 0.30769 28
1746895499820 0.61538 29
1746895639564 0.92308 30
1746895711291 0.53846 31
1746895784823 0.53846 32
1746895919507 0.30769 33
1746896022055 0.53846 34
1746896164363 0.59784 35
1746896225366 0.30769 36
1746896516549 0.69231 37
1746896795697 0.92308 38
1746896955240 0.61538 39
1746897056942 0.61538 40
1746897150132 0.68857 41
1746897213300 0.99341 42
1746897286811 0.30769 43
1746897366385 0.30769 44
1746897444508 0.60304 45
1746897561936 0.67903 46
1746897618675 0.30769 47
1746897688876 0.30769 48
1746897834904 0.30769 49
1746897895607 0.6127932481339152 49
