1746935914697 0.0002 0
1746935918782 0.00041584200000000003 1
1746935923565 0.000627328 2
1746935929438 0.000834458 3
1746935938055 0.001037232 4
1746935943382 0.0012356500000000002 5
1746935949752 0.0014297119999999999 6
1746935958193 0.001619418 7
1746935965240 0.0018047680000000002 8
1746935970644 0.0018218000000000002 9
1746935979475 0.001802 10
1746935988030 0.0017822 11
1746935995672 0.0017624 12
1746936003073 0.0017426 13
1746936010683 0.0017228 14
1746936017193 0.001703 15
1746936024260 0.0016832000000000001 16
1746936031797 0.0016634 17
1746936038806 0.0016436000000000003 18
1746936044468 0.0016238000000000001 19
1746936051019 0.0016040000000000002 20
1746936057924 0.0015842 21
1746936064245 0.0015644 22
1746936070698 0.0015446 23
1746936077134 0.0015248 24
1746936082615 0.0015049999999999998 25
1746936089580 0.0014852 26
1746936095489 0.0014654000000000002 27
1746936100952 0.0014456 28
1746936108302 0.0014258 29
1746936115843 0.001406 30
1746936120220 0.0013862 31
1746936126974 0.0013663999999999998 32
1746936133449 0.0013465999999999999 33
1746936140820 0.0013267999999999997 34
1746936147856 0.001307 35
1746936153795 0.0012872 36
1746936160146 0.0012674000000000001 37
1746936165588 0.0012476 38
1746936173153 0.0012278 39
1746936184716 0.001208 40
1746936194410 0.0011882000000000002 41
1746936206416 0.0011684000000000002 42
1746936216703 0.0011486 43
1746936225869 0.0011288000000000001 44
1746936240435 0.001109 45
1746936250352 0.0010892000000000002 46
1746936259864 0.0010694 47
1746936270434 0.0010496000000000001 48
1746936282171 0.0010298 49
1746936293635 0.00101 50
1746936304045 0.0009901999999999999 51
1746936314749 0.0009704 52
1746936327535 0.0009506 53
1746936337820 0.0009308 54
1746936354611 0.0009109999999999999 55
1746936367692 0.0008911999999999999 56
1746936379068 0.0008714 57
1746936390959 0.0008516000000000001 58
1746936404641 0.0008318000000000002 59
1746936416705 0.0008120000000000001 60
1746936427933 0.0007922000000000001 61
1746936440332 0.0007724 62
1746936449391 0.0007526000000000001 63
1746936461584 0.0007328 64
1746936474709 0.000713 65
1746936483051 0.0006931999999999999 66
1746936493398 0.0006733999999999999 67
1746936503155 0.0006536 68
1746936513161 0.0006338000000000001 69
1746936520684 0.0006140000000000001 70
1746936530431 0.0005942 71
1746936540057 0.0005744000000000001 72
1746936548558 0.0005546000000000001 73
1746936558162 0.0005348000000000001 74
1746936569529 0.000515 75
1746936578431 0.0004952 76
1746936589837 0.0004754 77
1746936599381 0.00045559999999999996 78
1746936608175 0.00043579999999999997 79
1746936618946 0.0004159999999999999 80
1746936627527 0.00039619999999999987 81
1746936639982 0.00037640000000000015 82
1746936647073 0.0003566000000000001 83
1746936658476 0.0003368000000000001 84
1746936667950 0.00031700000000000006 85
1746936675628 0.0002972 86
1746936687979 0.0002774 87
1746936698297 0.00025760000000000003 88
1746936706692 0.00023779999999999995 89
1746936716548 0.00021799999999999996 90
1746936728262 0.00019819999999999994 91
1746936734175 0.00017839999999999992 92
1746936742804 0.00015859999999999987 93
1746936752095 0.0001388000000000001 94
1746936758898 0.0001190000000000001 95
1746936768745 9.920000000000008e-05 96
1746936779092 7.940000000000006e-05 97
1746936790932 5.9600000000000046e-05 98
1746936798387 3.980000000000002e-05 99
