1746897932074 0.1648 0
1746897941039 0.01024 1
1746897945140 0.17224 2
1746897952183 0.2087 3
1746897964706 0.10524 4
1746897971432 0.24424 5
1746897990014 0.24632 6
1746897994097 0.94027 7
1746898025820 0.56082 8
1746898033855 0.5625 9
1746898048924 0.26765 10
1746898066932 0.30965 11
1746898087938 0.68851 12
1746898208636 0.30965 13
1746898216808 0.59575 14
1746898249595 0.30965 15
1746898275256 0.6246 16
1746898283836 0.87965 17
1746898287531 0.95638 18
1746898318345 0.30965 19
1746898353404 0.57757 20
1746898390400 0.87736 21
1746898394280 0.95435 22
1746898418470 0.66794 23
1746898454647 0.69651 24
1746898483135 0.30965 25
1746898489862 0.69651 26
1746898529020 0.60868 27
1746898568995 0.30965 28
1746898606479 0.995 29
1746898637617 0.3096511111111111 29
