1746897932074 0.07907 0
1746897941039 0.00568 1
1746897945140 0.09929 2
1746897952183 0.10923 3
1746897964706 0.08317 4
1746897971432 0.17879 5
1746897990014 0.17442 6
1746897994097 0.60325 7
1746898025820 0.3757 8
1746898033855 0.40609 9
1746898048924 0.19448 10
1746898066932 0.21188 11
1746898087938 0.44942 12
1746898208636 0.21897 13
1746898216808 0.35763 14
1746898249595 0.21437 15
1746898275256 0.42097 16
1746898283836 0.56085 17
1746898287531 0.63313 18
1746898318345 0.20289 19
1746898353404 0.39661 20
1746898390400 0.54649 21
1746898394280 0.62268 22
1746898418470 0.44391 23
1746898454647 0.46949 24
1746898483135 0.23412 25
1746898489862 0.48665 26
1746898529020 0.41949 27
1746898568995 0.24121 28
1746898606479 0.75033 29
1746898637617 0.23720590999999996 29
