1746897932074 0.008 0
1746897941039 0.01 1
1746897945140 0.008 2
1746897952183 0.00917 3
1746897964706 0.01 4
1746897971432 0.01333 5
1746897990014 0.01333 6
1746897994097 1.0 7
1746898025820 0.21353 8
1746898033855 0.01333 9
1746898048924 0.01333 10
1746898066932 0.7351 11
1746898087938 1.0 12
1746898208636 1.0 13
1746898216808 1.0 14
1746898249595 1.0 15
1746898275256 1.0 16
1746898283836 1.0 17
1746898287531 1.0 18
1746898318345 0.93823 19
1746898353404 1.0 20
1746898390400 1.0 21
1746898394280 1.0 22
1746898418470 1.0 23
1746898454647 1.0 24
1746898483135 0.92824 25
1746898489862 1.0 26
1746898529020 0.86138 27
1746898568995 0.96497 28
1746898606479 0.92421 29
1746898637617 0.9711572446747658 29
