1746897932074 0.92308 0
1746897941039 0.23077 1
1746897945140 0.92308 2
1746897952183 0.84615 3
1746897964706 0.23077 4
1746897971432 0.61538 5
1746897990014 0.30769 6
1746897994097 0.71739 7
1746898025820 0.61538 8
1746898033855 0.61538 9
1746898048924 0.30769 10
1746898066932 0.30769 11
1746898087938 0.52165 12
1746898208636 0.20617 13
1746898216808 0.28529 14
1746898249595 0.22673 15
1746898275256 0.47236 16
1746898283836 0.836 17
1746898287531 0.91293 18
1746898318345 0.30769 19
1746898353404 0.52912 20
1746898390400 0.78506 21
1746898394280 0.85302 22
1746898418470 0.60214 23
1746898454647 0.6579 24
1746898483135 0.30769 25
1746898489862 0.68083 26
1746898529020 0.61538 27
1746898568995 0.30769 28
1746898606479 1.0 29
1746898637617 0.3076923076923077 29
