1746938482976 0.0001 0
1746938487137 0.000217822 1
1746938491119 0.000333268 2
1746938496168 0.000446338 3
1746938500633 0.000557032 4
1746938507235 0.0006653500000000001 5
1746938511649 0.0007712919999999999 6
1746938516091 0.0008748580000000001 7
1746938520486 0.0009760480000000001 8
1746938525007 0.001074862 9
1746938532250 0.0011713000000000001 10
1746938542167 0.001265362 11
1746938550891 0.001357048 12
1746938556348 0.0014463579999999998 13
1746938560786 0.0015332920000000001 14
1746938564287 0.00161785 15
1746938570384 0.0016832000000000001 16
1746938576785 0.0016634 17
1746938584655 0.0016436000000000003 18
1746938588450 0.0016238000000000001 19
1746938593996 0.0016040000000000002 20
1746938599950 0.0015842 21
1746938605593 0.0015644 22
1746938609292 0.0015446 23
1746938615579 0.0015248 24
1746938621082 0.0015049999999999998 25
1746938626496 0.0014852 26
1746938630063 0.0014654000000000002 27
1746938636496 0.0014456 28
1746938645523 0.0014258 29
1746938651703 0.001406 30
1746938657135 0.0013862 31
1746938660896 0.0013663999999999998 32
1746938667600 0.0013465999999999999 33
1746938673610 0.0013267999999999997 34
1746938681766 0.001307 35
1746938687949 0.0012872 36
1746938695695 0.0012674000000000001 37
1746938701978 0.0012476 38
1746938708504 0.0012278 39
1746938722039 0.001208 40
1746938737243 0.0011882000000000002 41
1746938751041 0.0011684000000000002 42
1746938763711 0.0011486 43
1746938778145 0.0011288000000000001 44
1746938790189 0.001109 45
1746938804828 0.0010892000000000002 46
1746938818682 0.0010694 47
1746938831812 0.0010496000000000001 48
1746938844350 0.0010298 49
1746938857963 0.00101 50
1746938870162 0.0009901999999999999 51
1746938885679 0.0009704 52
1746938898123 0.0009506 53
1746938914990 0.0009308 54
1746938920264 0.0009109999999999999 55
1746938933922 0.0008911999999999999 56
1746938951194 0.0008714 57
1746938965639 0.0008516000000000001 58
1746938985123 0.0008318000000000002 59
1746939000273 0.0008120000000000001 60
1746939011157 0.0007922000000000001 61
1746939023668 0.0007724 62
1746939040103 0.0007526000000000001 63
1746939053010 0.0007328 64
1746939065737 0.000713 65
1746939080498 0.0006931999999999999 66
1746939091325 0.0006733999999999999 67
1746939099138 0.0006536 68
1746939110286 0.0006338000000000001 69
1746939129226 0.0006140000000000001 70
1746939137916 0.0005942 71
1746939152094 0.0005744000000000001 72
1746939167242 0.0005546000000000001 73
1746939181070 0.0005348000000000001 74
1746939193163 0.000515 75
1746939211838 0.0004952 76
1746939224758 0.0004754 77
1746939240592 0.00045559999999999996 78
1746939256076 0.00043579999999999997 79
1746939268757 0.0004159999999999999 80
1746939280615 0.00039619999999999987 81
1746939293465 0.00037640000000000015 82
1746939307360 0.0003566000000000001 83
1746939318410 0.0003368000000000001 84
1746939330011 0.00031700000000000006 85
1746939346337 0.0002972 86
1746939361556 0.0002774 87
1746939374980 0.00025760000000000003 88
1746939384808 0.00023779999999999995 89
1746939394558 0.00021799999999999996 90
1746939408583 0.00019819999999999994 91
1746939420116 0.00017839999999999992 92
1746939430803 0.00015859999999999987 93
1746939440886 0.0001388000000000001 94
1746939448067 0.0001190000000000001 95
1746939457395 9.920000000000008e-05 96
1746939468482 7.940000000000006e-05 97
1746939480257 5.9600000000000046e-05 98
1746939490375 3.980000000000002e-05 99
