1746890131862 0.1875 0
1746890148486 0.19745 1
1746890164015 0.2268 2
1746890185271 0.23027 3
1746890208507 0.30692 4
1746890223466 0.76133 5
1746890239124 0.69713 6
1746890254846 0.46779 7
1746890269938 0.76658 8
1746890286239 0.39118 9
1746890305631 0.40269 10
1746890321774 0.69375 11
1746890343248 0.73103 12
1746890358711 0.57945 13
1746890378877 0.87411 14
1746890401941 0.90536 15
1746890421301 0.68851 16
1746890447058 0.69651 17
1746890467452 0.995 18
1746890484640 0.69651 19
1746890500763 0.61757 20
1746890514571 0.97857 21
1746890535910 0.30965 22
1746890558707 0.69651 23
1746890576494 0.97951 24
1746890591024 0.30965 25
1746890609553 0.91394 26
1746890622953 0.98567 27
1746890640933 0.91394 28
1746890664838 0.69651 29
1746890672212 0.9856666666666667 29
