1746890131862 0.09048 0
1746890148486 0.09615 1
1746890164015 0.11107 2
1746890185271 0.15471 3
1746890208507 0.20475 4
1746890223466 0.40554 5
1746890239124 0.42698 6
1746890254846 0.24825 7
1746890269938 0.47239 8
1746890286239 0.2206 9
1746890305631 0.26286 10
1746890321774 0.46509 11
1746890343248 0.39595 12
1746890358711 0.28744 13
1746890378877 0.51529 14
1746890401941 0.47411 15
1746890421301 0.44839 16
1746890447058 0.37308 17
1746890467452 0.58444 18
1746890484640 0.4547 19
1746890500763 0.43347 20
1746890514571 0.72311 21
1746890535910 0.21005 22
1746890558707 0.47651 23
1746890576494 0.69172 24
1746890591024 0.23123 25
1746890609553 0.7064 26
1746890622953 0.77236 27
1746890640933 0.68133 28
1746890664838 0.49746 29
1746890672212 0.7723602151262626 29
