1746890131862 0.008 0
1746890148486 0.008 1
1746890164015 0.00867 2
1746890185271 0.008 3
1746890208507 0.00867 4
1746890223466 0.008 5
1746890239124 1.0 6
1746890254846 0.9904 7
1746890269938 1.0 8
1746890286239 0.71096 9
1746890305631 0.69111 10
1746890321774 0.74683 11
1746890343248 0.86552 12
1746890358711 0.98224 13
1746890378877 0.99039 14
1746890401941 0.98469 15
1746890421301 0.89848 16
1746890447058 0.99757 17
1746890467452 1.0 18
1746890484640 1.0 19
1746890500763 0.95402 20
1746890514571 0.90546 21
1746890535910 0.97869 22
1746890558707 1.0 23
1746890576494 0.89516 24
1746890591024 0.96918 25
1746890609553 0.98292 26
1746890622953 0.98528 27
1746890640933 0.97884 28
1746890664838 1.0 29
1746890672212 0.9856852633849382 29
