1746890131862 0.92308 0
1746890148486 0.92308 1
1746890164015 1.0 2
1746890185271 0.92308 3
1746890208507 1.0 4
1746890223466 0.92308 5
1746890239124 0.51162 6
1746890254846 0.46154 7
1746890269938 0.73986 8
1746890286239 0.37924 9
1746890305631 0.38462 10
1746890321774 0.69231 11
1746890343248 0.69231 12
1746890358711 0.46154 13
1746890378877 0.76923 14
1746890401941 0.84615 15
1746890421301 0.68181 16
1746890447058 0.69231 17
1746890467452 0.99163 18
1746890484640 0.69035 19
1746890500763 0.61538 20
1746890514571 1.0 21
1746890535910 0.30769 22
1746890558707 0.67147 23
1746890576494 0.92308 24
1746890591024 0.30769 25
1746890609553 0.84615 26
1746890622953 0.92308 27
1746890640933 0.84615 28
1746890664838 0.67964 29
1746890672212 0.9230769230769231 29
