1746956767154 0.49188 0
1746956777083 0.33267 1
1746956786808 0.27915 2
1746956796605 0.41898 3
1746956806318 0.48658 4
1746956819006 0.44346 5
1746956828885 0.39249 6
1746956838640 0.35549 7
1746956848479 0.32667 8
1746956857604 0.20799 9
1746956930865 0.20069 10
1746956945773 0.2559 11
1746957016271 0.23453 12
1746957027282 0.22479 13
1746957051077 0.38918 14
1746957128468 0.47618 15
1746957138041 0.48334 16
1746957148012 0.56664 17
1746957156189 0.6108 18
1746957167106 0.38233 19
1746957238148 0.27376 20
1746957248654 0.49861 21
1746957258046 0.69464 22
1746957269232 0.59302 23
1746957336625 0.21024 24
1746957347919 0.61526 25
1746957354481 0.61526 26
1746957365939 0.54261 27
1746957378454 0.57337 28
1746957389817 0.67075 29
1746957396381 0.67075 30
1746957406629 0.58916 31
1746957476546 0.65274 32
1746957486554 0.63443 33
1746957493186 0.63443 34
1746957507402 0.57788 35
1746957519035 0.55321 36
1746957592369 0.51811 37
1746957598858 0.51811 38
1746957608555 0.57373 39
1746957618191 0.60817 40
1746957692313 0.46104 41
1746957700873 0.53502 42
1746957712422 0.60265 43
1746957725519 0.65012 44
1746957793992 0.69453 45
1746957800848 0.69453 46
1746957814028 0.6827 47
1746957882059 0.51123 48
1746957890691 0.7298 49
1746957897302 0.7298 50
1746957906166 0.69391 51
1746957917331 0.66772 52
1746957987391 0.22822 53
1746957997880 0.67399 54
1746958007850 0.66421 55
1746958019023 0.65838 56
1746958031939 0.69761 57
1746958101620 0.69761 58
1746958112365 0.70256 59
1746958120464 0.69663 60
1746958129285 0.72122 61
1746958136059 0.72122 62
1746958204640 0.70724 63
1746958212775 0.70157 64
1746958286135 0.71208 65
1746958295299 0.71208 66
1746958303429 0.73311 67
1746958374143 0.70497 68
1746958383373 0.68393 69
1746958393013 0.68393 70
1746958401433 0.66792 71
1746958408265 0.69302 72
1746958415966 0.6824 73
1746958482859 0.6824 74
1746958489705 0.72634 75
1746958500240 0.73206 76
1746958507121 0.71482 77
1746958514004 0.71482 78
1746958520831 0.73415 79
1746958588018 0.72469 80
1746958597564 0.7216 81
1746958604225 0.7216 82
1746958610771 0.72116 83
1746958618277 0.73904 84
1746958625105 0.72428 85
1746958694667 0.72428 86
1746958701584 0.72706 87
1746958710467 0.72585 88
1746958719659 0.72731 89
1746958726349 0.72731 90
1746958732837 0.74392 91
1746958799739 0.74619 92
1746958807493 0.74997 93
1746958814207 0.74997 94
1746958820891 0.75786 95
1746958828084 0.77291 96
1746958834879 0.76747 97
1746958841365 0.76747 98
1746958908413 0.76936 99
1746958912432 0.7730371927284426 99
