1746956767154 0.86539 0
1746956777083 0.65251 1
1746956786808 0.49031 2
1746956796605 0.65984 3
1746956806318 0.82776 4
1746956819006 0.66451 5
1746956828885 0.56821 6
1746956838640 0.51993 7
1746956848479 0.52976 8
1746956857604 0.36511 9
1746956930865 0.41799 10
1746956945773 0.36543 11
1746957016271 0.29565 12
1746957027282 0.30965 13
1746957051077 0.57535 14
1746957128468 0.65867 15
1746957138041 0.65641 16
1746957148012 0.91921 17
1746957156189 0.98567 18
1746957167106 0.58454 19
1746957238148 0.44321 20
1746957248654 0.68059 21
1746957258046 0.97857 22
1746957269232 0.90775 23
1746957336625 0.31275 24
1746957347919 0.96 25
1746957354481 0.96 26
1746957365939 0.8905 27
1746957378454 0.86302 28
1746957389817 0.95525 29
1746957396381 0.95525 30
1746957406629 0.89929 31
1746957476546 0.93077 32
1746957486554 0.91286 33
1746957493186 0.91286 34
1746957507402 0.85005 35
1746957519035 0.78178 36
1746957592369 0.76928 37
1746957598858 0.76928 38
1746957608555 0.80474 39
1746957618191 0.84544 40
1746957692313 0.72944 41
1746957700873 0.80406 42
1746957712422 0.87893 43
1746957725519 0.94433 44
1746957793992 0.995 45
1746957800848 0.995 46
1746957814028 0.995 47
1746957882059 0.70571 48
1746957890691 0.97853 49
1746957897302 0.97853 50
1746957906166 0.97853 51
1746957917331 0.98567 52
1746957987391 0.32 53
1746957997880 0.9587 54
1746958007850 0.9211 55
1746958019023 0.90901 56
1746958031939 0.9275 57
1746958101620 0.9275 58
1746958112365 0.92787 59
1746958120464 0.92819 60
1746958129285 0.92877 61
1746958136059 0.92877 62
1746958204640 0.92946 63
1746958212775 0.93053 64
1746958286135 0.93152 65
1746958295299 0.93152 66
1746958303429 0.93429 67
1746958374143 0.93429 68
1746958383373 0.93471 69
1746958393013 0.93471 70
1746958401433 0.9345 71
1746958408265 0.93471 72
1746958415966 0.93471 73
1746958482859 0.93471 74
1746958489705 0.93649 75
1746958500240 0.93824 76
1746958507121 0.93565 77
1746958514004 0.93565 78
1746958520831 0.94568 79
1746958588018 0.94833 80
1746958597564 0.93592 81
1746958604225 0.93592 82
1746958610771 0.9362 83
1746958618277 0.9362 84
1746958625105 0.93592 85
1746958694667 0.93592 86
1746958701584 0.93592 87
1746958710467 0.95344 88
1746958719659 0.95638 89
1746958726349 0.95638 90
1746958732837 0.96 91
1746958799739 0.9587 92
1746958807493 0.95435 93
1746958814207 0.95435 94
1746958820891 0.95258 95
1746958828084 0.94895 96
1746958834879 0.94959 97
1746958841365 0.94959 98
1746958908413 0.94959 99
1746958912432 0.9495945945945945 99
