1746956767154 0.84607 0
1746956777083 0.98504 1
1746956786808 0.43523 2
1746956796605 0.86141 3
1746956806318 0.98794 4
1746956819006 0.96558 5
1746956828885 0.77159 6
1746956838640 0.86058 7
1746956848479 0.69894 8
1746956857604 0.78376 9
1746956930865 0.80048 10
1746956945773 0.91613 11
1746957016271 0.76323 12
1746957027282 0.9609 13
1746957051077 0.71205 14
1746957128468 0.81434 15
1746957138041 0.80583 16
1746957148012 0.91765 17
1746957156189 0.93311 18
1746957167106 0.5264 19
1746957238148 0.9477 20
1746957248654 0.85865 21
1746957258046 0.88402 22
1746957269232 0.9209 23
1746957336625 0.97271 24
1746957347919 0.97593 25
1746957354481 0.97593 26
1746957365939 0.95966 27
1746957378454 0.98113 28
1746957389817 0.90865 29
1746957396381 0.90865 30
1746957406629 0.97456 31
1746957476546 0.89767 32
1746957486554 0.93729 33
1746957493186 0.93729 34
1746957507402 0.81022 35
1746957519035 0.72307 36
1746957592369 0.96105 37
1746957598858 0.96105 38
1746957608555 0.76622 39
1746957618191 0.72763 40
1746957692313 0.65655 41
1746957700873 0.67842 42
1746957712422 0.81277 43
1746957725519 0.83529 44
1746957793992 0.89414 45
1746957800848 0.89414 46
1746957814028 0.98906 47
1746957882059 1.0 48
1746957890691 0.98693 49
1746957897302 0.98693 50
1746957906166 0.95928 51
1746957917331 0.97849 52
1746957987391 0.97867 53
1746957997880 0.98903 54
1746958007850 0.91404 55
1746958019023 0.84656 56
1746958031939 0.94499 57
1746958101620 0.94499 58
1746958112365 1.0 59
1746958120464 1.0 60
1746958129285 0.99554 61
1746958136059 0.99554 62
1746958204640 0.99475 63
1746958212775 1.0 64
1746958286135 1.0 65
1746958295299 1.0 66
1746958303429 1.0 67
1746958374143 0.98293 68
1746958383373 0.99225 69
1746958393013 0.99225 70
1746958401433 0.99218 71
1746958408265 0.99092 72
1746958415966 0.99161 73
1746958482859 0.99161 74
1746958489705 0.9919 75
1746958500240 0.99274 76
1746958507121 0.99395 77
1746958514004 0.99395 78
1746958520831 0.99508 79
1746958588018 0.9954 80
1746958597564 0.99532 81
1746958604225 0.99532 82
1746958610771 0.99491 83
1746958618277 0.99472 84
1746958625105 0.99459 85
1746958694667 0.99459 86
1746958701584 0.99473 87
1746958710467 0.99518 88
1746958719659 0.9956 89
1746958726349 0.9956 90
1746958732837 0.99569 91
1746958799739 0.99573 92
1746958807493 0.99538 93
1746958814207 0.99538 94
1746958820891 0.99527 95
1746958828084 0.99503 96
1746958834879 0.99499 97
1746958841365 0.99499 98
1746958908413 0.99484 99
1746958912432 0.9950950791446378 99
