1746956767154 0.84615 0
1746956777083 0.61538 1
1746956786808 0.61538 2
1746956796605 0.61538 3
1746956806318 0.76923 4
1746956819006 0.61538 5
1746956828885 0.53846 6
1746956838640 0.53846 7
1746956848479 0.53601 8
1746956857604 0.30769 9
1746956930865 0.38462 10
1746956945773 0.30769 11
1746957016271 0.30769 12
1746957027282 0.30769 13
1746957051077 0.53846 14
1746957128468 0.67604 15
1746957138041 0.64006 16
1746957148012 0.85791 17
1746957156189 0.92308 18
1746957167106 0.69231 19
1746957238148 0.30769 20
1746957248654 0.69231 21
1746957258046 1.0 22
1746957269232 0.89698 23
1746957336625 0.30769 24
1746957347919 0.92308 25
1746957354481 0.92308 26
1746957365939 0.76923 27
1746957378454 0.84615 28
1746957389817 0.92308 29
1746957396381 0.92308 30
1746957406629 0.84615 31
1746957476546 0.84615 32
1746957486554 0.69231 33
1746957493186 0.69231 34
1746957507402 0.69231 35
1746957519035 0.61538 36
1746957592369 0.61538 37
1746957598858 0.61538 38
1746957608555 0.69231 39
1746957618191 0.84615 40
1746957692313 0.73656 41
1746957700873 0.81264 42
1746957712422 0.69231 43
1746957725519 1.0 44
1746957793992 1.0 45
1746957800848 1.0 46
1746957814028 1.0 47
1746957882059 0.68422 48
1746957890691 0.92308 49
1746957897302 0.92308 50
1746957906166 0.92308 51
1746957917331 0.92308 52
1746957987391 0.30769 53
1746957997880 0.92308 54
1746958007850 0.92308 55
1746958019023 0.84897 56
1746958031939 0.92308 57
1746958101620 0.92308 58
1746958112365 0.91567 59
1746958120464 0.91586 60
1746958129285 0.92308 61
1746958136059 0.92308 62
1746958204640 0.92308 63
1746958212775 0.91876 64
1746958286135 0.91145 65
1746958295299 0.91145 66
1746958303429 0.9178 67
1746958374143 0.92308 68
1746958383373 0.92308 69
1746958393013 0.92308 70
1746958401433 0.92308 71
1746958408265 0.92308 72
1746958415966 0.92308 73
1746958482859 0.92308 74
1746958489705 0.92308 75
1746958500240 0.92308 76
1746958507121 0.92308 77
1746958514004 0.92308 78
1746958520831 0.92308 79
1746958588018 0.92308 80
1746958597564 0.92308 81
1746958604225 0.92308 82
1746958610771 0.92308 83
1746958618277 0.92308 84
1746958625105 0.92308 85
1746958694667 0.92308 86
1746958701584 0.92308 87
1746958710467 0.92308 88
1746958719659 0.92308 89
1746958726349 0.92308 90
1746958732837 0.92308 91
1746958799739 0.92308 92
1746958807493 0.92308 93
1746958814207 0.92308 94
1746958820891 0.92308 95
1746958828084 0.92308 96
1746958834879 0.92308 97
1746958841365 0.92308 98
1746958908413 0.92308 99
1746958912432 0.9230769230769231 99
