1746907174760 1.48363 0
1746907577123 1.98815 1
1746907920820 2.37688 2
1746907931362 2.44783 3
1746907941753 2.41352 4
1746907949934 2.52552 5
1746907960156 2.68177 6
1746907970154 2.54025 7
1746907981874 2.25865 8
1746907989395 2.29966 9
1746907999651 2.43586 10
1746908010715 2.52422 11
1746908019079 2.25654 12
1746908029672 2.07329 13
1746908048073 2.22371 14
1746908058682 2.0785 15
1746908086793 1.98275 16
1746908118159 2.14804 17
1746908138481 2.00507 18
1746908185333 2.33965 19
1746908216513 2.16529 20
1746908254697 1.70885 21
1746908292536 2.00676 22
1746908617675 2.07633 23
1746908716039 2.07406 24
1746908874663 1.89693 25
1746909307087 1.78147 26
1746909395152 1.59815 27
1746909471746 1.9725 28
1746909559556 2.02937 29
1746909667199 1.70106 30
1746909801142 1.95335 31
1746909940888 1.9588 32
1746910949786 1.87442 33
1746911454311 1.80128 34
1746911649548 1.79571 35
1746912230777 1.87141 36
1746912446189 1.63429 37
1746912692454 1.62702 38
1746913245070 1.74215 39
1746913608390 1.50782 40
1746913621366 1.68233 41
1746913635393 1.58255 42
1746913652593 1.48286 43
1746913685640 1.45548 44
1746914250183 1.41447 45
1746915246043 1.5504 46
1746915780051 1.54936 47
1746916685169 1.50167 48
1746917666903 1.58304 49
