1746907174760 3.06423 0
1746907577123 3.54929 1
1746907920820 3.37143 2
1746907931362 3.04252 3
1746907941753 3.85607 4
1746907949934 4.45524 5
1746907960156 4.40242 6
1746907970154 4.14921 7
1746907981874 3.68445 8
1746907989395 3.46765 9
1746907999651 3.54702 10
1746908010715 3.51077 11
1746908019079 3.16843 12
1746908029672 3.12506 13
1746908048073 2.96267 14
1746908058682 2.76205 15
1746908086793 2.80576 16
1746908118159 2.66883 17
1746908138481 2.91931 18
1746908185333 3.04561 19
1746908216513 2.85925 20
1746908254697 2.34155 21
1746908292536 2.53763 22
1746908617675 2.5589 23
1746908716039 2.4669 24
1746908874663 2.14339 25
1746909307087 1.99566 26
1746909395152 1.72844 27
1746909471746 1.93065 28
1746909559556 2.22338 29
1746909667199 1.8889 30
1746909801142 2.0514 31
1746909940888 2.01809 32
1746910949786 2.30054 33
1746911454311 1.75715 34
1746911649548 2.00827 35
1746912230777 1.84284 36
1746912446189 1.82263 37
1746912692454 1.63897 38
1746913245070 1.91382 39
1746913608390 1.63086 40
1746913621366 1.59849 41
1746913635393 1.61506 42
1746913652593 1.56649 43
1746913685640 1.46503 44
1746914250183 1.43335 45
1746915246043 1.60585 46
1746915780051 1.62976 47
1746916685169 1.44906 48
1746917666903 1.49292 49
