1746907174760 1.26029 0
1746907577123 1.81599 1
1746907920820 2.11971 2
1746907931362 2.2036 3
1746907941753 2.27774 4
1746907949934 2.10041 5
1746907960156 2.51328 6
1746907970154 2.3191 7
1746907981874 2.07061 8
1746907989395 2.14963 9
1746907999651 2.14936 10
1746908010715 2.24096 11
1746908019079 2.10979 12
1746908029672 2.17782 13
1746908048073 2.1518 14
1746908058682 2.03622 15
1746908086793 1.85801 16
1746908118159 2.13759 17
1746908138481 1.9966 18
1746908185333 2.23877 19
1746908216513 2.21077 20
1746908254697 1.77404 21
1746908292536 2.07553 22
1746908617675 1.89833 23
1746908716039 2.07635 24
1746908874663 1.86282 25
1746909307087 1.84683 26
1746909395152 1.60437 27
1746909471746 2.06355 28
1746909559556 1.92585 29
1746909667199 1.83205 30
1746909801142 2.01091 31
1746909940888 2.03314 32
1746910949786 1.76994 33
1746911454311 1.89644 34
1746911649548 1.86057 35
1746912230777 1.83472 36
1746912446189 1.62422 37
1746912692454 1.76988 38
1746913245070 1.87611 39
1746913608390 1.76974 40
1746913621366 1.85096 41
1746913635393 1.75677 42
1746913652593 1.72491 43
1746913685640 1.58147 44
1746914250183 1.53488 45
1746915246043 1.74435 46
1746915780051 1.75196 47
1746916685169 1.67721 48
1746917666903 1.74213 49
