1746886443259 1.47377 0
1746886451987 1.26133 1
1746886459156 1.13176 2
1746886466721 1.21263 3
1746886473652 1.24553 4
1746886480895 1.38616 5
1746886487395 1.10495 6
1746886495514 1.16544 7
1746886502780 1.20463 8
1746886509366 1.13485 9
1746886517245 1.27139 10
1746886525047 1.10072 11
1746886532984 1.04978 12
1746886541174 1.11887 13
1746886548997 1.10764 14
1746886556421 1.14334 15
1746886564686 1.05628 16
1746886571362 1.10145 17
1746886581119 1.19375 18
1746886588400 1.07228 19
1746886597731 1.00467 20
1746886606803 0.88591 21
1746886616850 0.86194 22
1746886631072 0.89086 23
1746886640775 0.86727 24
1746886649751 0.82293 25
1746886660206 0.93696 26
1746886673013 0.84241 27
1746886684431 0.8187 28
1746886697662 0.83501 29
