1746886443259 3.76028 0
1746886451987 3.88289 1
1746886459156 3.48887 2
1746886466721 3.30794 3
1746886473652 3.09723 4
1746886480895 2.88474 5
1746886487395 2.36769 6
1746886495514 1.90881 7
1746886502780 5.20002 8
1746886509366 2.42222 9
1746886517245 2.34794 10
1746886525047 1.96164 11
1746886532984 1.79422 12
1746886541174 1.86202 13
1746886548997 1.67428 14
1746886556421 1.39707 15
1746886564686 1.57058 16
1746886571362 1.58031 17
1746886581119 1.56269 18
1746886588400 1.99377 19
1746886597731 1.68136 20
1746886606803 1.54219 21
1746886616850 1.60376 22
1746886631072 1.54563 23
1746886640775 1.57231 24
1746886649751 1.55755 25
1746886660206 1.56591 26
1746886673013 1.5126 27
1746886684431 1.42545 28
1746886697662 1.38017 29
