1746886443259 1.21913 0
1746886451987 1.18418 1
1746886459156 1.14168 2
1746886466721 1.08359 3
1746886473652 1.08139 4
1746886480895 1.16996 5
1746886487395 1.08585 6
1746886495514 1.03713 7
1746886502780 0.99236 8
1746886509366 1.00161 9
1746886517245 1.0864 10
1746886525047 1.02095 11
1746886532984 0.99653 12
1746886541174 1.06622 13
1746886548997 1.08258 14
1746886556421 1.03219 15
1746886564686 1.00218 16
1746886571362 1.02784 17
1746886581119 1.09021 18
1746886588400 1.04906 19
1746886597731 1.01467 20
1746886606803 0.99225 21
1746886616850 0.95746 22
1746886631072 0.97185 23
1746886640775 0.96062 24
1746886649751 0.96452 25
1746886660206 1.01199 26
1746886673013 0.96901 27
1746886684431 0.95349 28
1746886697662 0.94296 29
