1746891724656 0.09048 0
1746891728473 0.09608 1
1746891734182 0.09958 2
1746891740165 0.14127 3
1746891746263 0.18403 4
1746891753058 0.22856 5
1746891759736 0.26225 6
1746891763928 0.50789 7
1746891767554 0.50789 8
1746891778690 0.02627 9
1746891785415 0.20656 10
1746891792267 0.27446 11
1746891804592 0.14832 12
1746891812371 0.18975 13
1746891819468 0.35338 14
1746891826596 0.15887 15
1746891833509 0.20212 16
1746891844639 0.14928 17
1746891851512 0.31213 18
1746891858384 0.12742 19
1746891865421 0.18716 20
1746891872400 0.39038 21
1746891879591 0.41077 22
1746891886655 0.42219 23
1746891893562 0.47179 24
1746891904731 0.37042 25
1746891911519 0.23867 26
1746891918319 0.44036 27
1746891925264 0.24032 28
1746891932414 0.47632 29
1746891939229 0.66781 30
1746891946168 0.20905 31
1746891952831 0.21037 32
1746891965316 0.41766 33
1746891973940 0.47996 34
1746891984010 0.42296 35
1746891991005 0.21773 36
1746891997930 0.51601 37
1746892005037 0.51863 38
1746892012112 0.45063 39
1746892019103 0.52336 40
1746892025725 0.2139 41
1746892032657 0.50303 42
1746892039386 0.65905 43
1746892046440 0.43743 44
1746892054073 0.52424 45
1746892060849 0.67839 46
1746892067862 0.51487 47
1746892079609 0.50572 48
1746892086453 0.49822 49
1746892090688 0.5242354297619047 49
