1746891724656 0.1875 0
1746891728473 0.1972 1
1746891734182 0.21757 2
1746891740165 0.22707 3
1746891746263 0.26634 4
1746891753058 0.3747 5
1746891759736 0.46934 6
1746891763928 0.94061 7
1746891767554 0.94061 8
1746891778690 0.04978 9
1746891785415 0.27965 10
1746891792267 0.43612 11
1746891804592 0.32477 12
1746891812371 0.27965 13
1746891819468 0.53007 14
1746891826596 0.27076 15
1746891833509 0.28632 16
1746891844639 0.23965 17
1746891851512 0.50971 18
1746891858384 0.24765 19
1746891865421 0.29565 20
1746891872400 0.60157 21
1746891879591 0.60868 22
1746891886655 0.58282 23
1746891893562 0.6653 24
1746891904731 0.58757 25
1746891911519 0.30965 26
1746891918319 0.59282 27
1746891925264 0.30965 28
1746891932414 0.6559 29
1746891939229 0.88639 30
1746891946168 0.29565 31
1746891952831 0.30965 32
1746891965316 0.60868 33
1746891973940 0.68851 34
1746891984010 0.6009 35
1746891991005 0.30965 36
1746891997930 0.69651 37
1746892005037 0.69651 38
1746892012112 0.61757 39
1746892019103 0.69651 40
1746892025725 0.30965 41
1746892032657 0.69651 42
1746892039386 0.92536 43
1746892046440 0.61757 44
1746892054073 0.69651 45
1746892060849 0.92536 46
1746892067862 0.69651 47
1746892079609 0.68851 48
1746892086453 0.68851 49
1746892090688 0.6965112500000001 49
