1746891724656 0.008 0
1746891728473 0.008 1
1746891734182 0.00867 2
1746891740165 0.00867 3
1746891746263 0.00867 4
1746891753058 0.01333 5
1746891759736 1.0 6
1746891763928 0.96639 7
1746891767554 0.96639 8
1746891778690 0.35506 9
1746891785415 0.02806 10
1746891792267 1.0 11
1746891804592 0.49189 12
1746891812371 0.79983 13
1746891819468 0.82744 14
1746891826596 0.93992 15
1746891833509 0.97837 16
1746891844639 0.71775 17
1746891851512 0.85279 18
1746891858384 0.68392 19
1746891865421 0.76239 20
1746891872400 1.0 21
1746891879591 0.8755 22
1746891886655 0.78499 23
1746891893562 0.80486 24
1746891904731 0.76184 25
1746891911519 0.97825 26
1746891918319 0.79885 27
1746891925264 1.0 28
1746891932414 0.98968 29
1746891939229 0.99542 30
1746891946168 0.98355 31
1746891952831 0.98399 32
1746891965316 0.87648 33
1746891973940 0.88983 34
1746891984010 0.85124 35
1746891991005 0.98096 36
1746891997930 0.97506 37
1746892005037 0.9753 38
1746892012112 0.99621 39
1746892019103 0.99847 40
1746892025725 0.97931 41
1746892032657 0.99891 42
1746892039386 1.0 43
1746892046440 0.99277 44
1746892054073 0.99546 45
1746892060849 1.0 46
1746892067862 1.0 47
1746892079609 0.85471 48
1746892086453 0.8795 49
1746892090688 0.9953070332697878 49
