1746891724656 0.92308 0
1746891728473 0.92308 1
1746891734182 1.0 2
1746891740165 1.0 3
1746891746263 1.0 4
1746891753058 0.61538 5
1746891759736 0.27722 6
1746891763928 0.76923 7
1746891767554 0.76923 8
1746891778690 0.07692 9
1746891785415 0.30769 10
1746891792267 0.27783 11
1746891804592 0.38462 12
1746891812371 0.30743 13
1746891819468 0.53846 14
1746891826596 0.23077 15
1746891833509 0.23077 16
1746891844639 0.23077 17
1746891851512 0.44747 18
1746891858384 0.23077 19
1746891865421 0.24983 20
1746891872400 0.52101 21
1746891879591 0.61538 22
1746891886655 0.61538 23
1746891893562 0.69231 24
1746891904731 0.61538 25
1746891911519 0.30769 26
1746891918319 0.61538 27
1746891925264 0.30486 28
1746891932414 0.53846 29
1746891939229 0.76923 30
1746891946168 0.23077 31
1746891952831 0.30769 32
1746891965316 0.54664 33
1746891973940 0.6219 34
1746891984010 0.61538 35
1746891991005 0.30769 36
1746891997930 0.69231 37
1746892005037 0.69231 38
1746892012112 0.61538 39
1746892019103 0.69231 40
1746892025725 0.30769 41
1746892032657 0.69231 42
1746892039386 0.91212 43
1746892046440 0.61538 44
1746892054073 0.69231 45
1746892060849 0.91819 46
1746892067862 0.6894 47
1746892079609 0.69231 48
1746892086453 0.69231 49
1746892090688 0.6923076923076923 49
