1746933340201 0.22545 0
1746933346444 0.24885 1
1746933352729 0.27357 2
1746933359166 0.27998 3
1746933365187 0.26526 4
1746933371520 0.29557 5
1746933377382 0.31414 6
1746933383446 0.39996 7
1746933389537 0.39996 8
1746933397288 0.24577 9
1746933405045 0.49493 10
1746933410925 0.49493 11
1746933418034 0.34908 12
1746933424630 0.45951 13
1746933430651 0.45951 14
1746933438948 0.51446 15
1746933447194 0.56016 16
1746933454721 0.45285 17
1746933462591 0.45285 18
1746933469176 0.5194 19
1746933477345 0.56192 20
1746933486167 0.56192 21
1746933494262 0.58767 22
1746933502953 0.67056 23
1746933508994 0.67056 24
1746933520227 0.68479 25
1746933528138 0.69063 26
1746933537365 0.69063 27
1746933545569 0.73267 28
1746933554295 0.75489 29
1746933560996 0.75489 30
1746933568761 0.71895 31
1746933576933 0.69173 32
1746933585330 0.67267 33
1746933592802 0.67267 34
1746933604232 0.68301 35
1746933612140 0.70891 36
1746933618711 0.70891 37
1746933627164 0.70583 38
1746933635689 0.68303 39
1746933642712 0.68303 40
1746933649789 0.66704 41
1746933656755 0.68217 42
1746933664456 0.68217 43
1746933672080 0.67812 44
1746933680011 0.68252 45
1746933687784 0.68252 46
1746933695371 0.68391 47
1746933704316 0.6857 48
1746933714862 0.68098 49
1746933726583 0.7548964181018288 49
