1746933340201 0.37483 0
1746933346444 0.45731 1
1746933352729 0.48709 2
1746933359166 0.45615 3
1746933365187 0.41757 4
1746933371520 0.5331 5
1746933377382 0.49353 6
1746933383446 0.56859 7
1746933389537 0.56859 8
1746933397288 0.40936 9
1746933405045 0.7944 10
1746933410925 0.7944 11
1746933418034 0.57474 12
1746933424630 0.85985 13
1746933430651 0.85985 14
1746933438948 0.90393 15
1746933447194 0.85734 16
1746933454721 0.83183 17
1746933462591 0.83183 18
1746933469176 0.86115 19
1746933477345 0.90337 20
1746933486167 0.90337 21
1746933494262 0.93667 22
1746933502953 0.97045 23
1746933508994 0.97045 24
1746933520227 0.97853 25
1746933528138 0.97572 26
1746933537365 0.97572 27
1746933545569 0.98429 28
1746933554295 0.995 29
1746933560996 0.995 30
1746933568761 0.995 31
1746933576933 0.98188 32
1746933585330 0.98567 33
1746933592802 0.98567 34
1746933604232 0.97853 35
1746933612140 0.97556 36
1746933618711 0.97556 37
1746933627164 0.95344 38
1746933635689 0.94959 39
1746933642712 0.94959 40
1746933649789 0.94125 41
1746933656755 0.92669 42
1746933664456 0.92669 43
1746933672080 0.92737 44
1746933680011 0.92744 45
1746933687784 0.92744 46
1746933695371 0.93006 47
1746933704316 0.94357 48
1746933714862 0.9472 49
1746933726583 0.995 49
