1746933340201 0.008 0
1746933346444 0.008 1
1746933352729 0.008 2
1746933359166 0.00867 3
1746933365187 0.01254 4
1746933371520 0.00733 5
1746933377382 0.00689 6
1746933383446 0.85796 7
1746933389537 0.85796 8
1746933397288 1.0 9
1746933405045 0.7231 10
1746933410925 0.7231 11
1746933418034 0.53767 12
1746933424630 0.92461 13
1746933430651 0.92461 14
1746933438948 1.0 15
1746933447194 0.98485 16
1746933454721 0.8327 17
1746933462591 0.8327 18
1746933469176 1.0 19
1746933477345 0.87623 20
1746933486167 0.87623 21
1746933494262 0.85643 22
1746933502953 0.97703 23
1746933508994 0.97703 24
1746933520227 1.0 25
1746933528138 0.9877 26
1746933537365 0.9877 27
1746933545569 0.9276 28
1746933554295 1.0 29
1746933560996 1.0 30
1746933568761 1.0 31
1746933576933 0.99266 32
1746933585330 0.99472 33
1746933592802 0.99472 34
1746933604232 0.99646 35
1746933612140 0.99162 36
1746933618711 0.99162 37
1746933627164 0.98855 38
1746933635689 0.99781 39
1746933642712 0.99781 40
1746933649789 1.0 41
1746933656755 0.90355 42
1746933664456 0.90355 43
1746933672080 1.0 44
1746933680011 1.0 45
1746933687784 1.0 46
1746933695371 0.99999 47
1746933704316 0.99715 48
1746933714862 0.99661 49
1746933726583 1.0 49
