1746933340201 0.92308 0
1746933346444 0.92308 1
1746933352729 0.92308 2
1746933359166 1.0 3
1746933365187 0.61538 4
1746933371520 0.84615 5
1746933377382 0.69231 6
1746933383446 0.46504 7
1746933389537 0.46504 8
1746933397288 0.27983 9
1746933405045 0.76923 10
1746933410925 0.76923 11
1746933418034 0.7166 12
1746933424630 0.69231 13
1746933430651 0.69231 14
1746933438948 0.83812 15
1746933447194 0.69231 16
1746933454721 0.766 17
1746933462591 0.766 18
1746933469176 0.69099 19
1746933477345 0.76923 20
1746933486167 0.76923 21
1746933494262 1.0 22
1746933502953 0.84615 23
1746933508994 0.84615 24
1746933520227 0.91359 25
1746933528138 0.84615 26
1746933537365 0.84615 27
1746933545569 0.98636 28
1746933554295 0.99565 29
1746933560996 0.99565 30
1746933568761 0.99401 31
1746933576933 0.92308 32
1746933585330 0.92308 33
1746933592802 0.92308 34
1746933604232 0.92308 35
1746933612140 0.92308 36
1746933618711 0.92308 37
1746933627164 0.92308 38
1746933635689 0.92308 39
1746933642712 0.92308 40
1746933649789 0.90816 41
1746933656755 0.92308 42
1746933664456 0.92308 43
1746933672080 0.91295 44
1746933680011 0.91968 45
1746933687784 0.91968 46
1746933695371 0.92308 47
1746933704316 0.92308 48
1746933714862 0.92308 49
1746933726583 0.9957464350342914 49
