1746934609777 0.22545 0
1746934614604 0.24885 1
1746934619089 0.2579 2
1746934624205 0.28853 3
1746934629926 0.25806 4
1746934634971 0.2752 5
1746934640434 0.32034 6
1746934646913 0.4124 7
1746934651379 0.4124 8
1746934659174 0.22428 9
1746934667184 0.40689 10
1746934672262 0.44625 11
1746934679081 0.49048 12
1746934685788 0.42783 13
1746934690758 0.46391 14
1746934699320 0.48103 15
1746934706093 0.40385 16
1746934713083 0.40576 17
1746934720403 0.46548 18
1746934726186 0.48559 19
1746934732444 0.56266 20
1746934736696 0.56266 21
1746934743314 0.61673 22
1746934750032 0.67853 23
1746934753984 0.67853 24
1746934760796 0.7035 25
1746934767385 0.60975 26
1746934773098 0.67945 27
1746934780615 0.66622 28
1746934788070 0.6075 29
1746934792878 0.65861 30
1746934799153 0.71062 31
1746934806261 0.61406 32
1746934812994 0.71051 33
1746934817624 0.71051 34
1746934825658 0.76889 35
1746934832567 0.77412 36
1746934837020 0.77412 37
1746934842998 0.7519 38
1746934848930 0.72823 39
1746934853741 0.72823 40
1746934860797 0.69157 41
1746934867076 0.6758 42
1746934871235 0.6758 43
1746934878175 0.6753 44
1746934882947 0.6689 45
1746934887257 0.6689 46
1746934893665 0.68599 47
1746934900672 0.70451 48
1746934908083 0.47889 49
1746934910579 0.7741175656787658 49
