1746934609777 0.37483 0
1746934614604 0.45731 1
1746934619089 0.47867 2
1746934624205 0.49003 3
1746934629926 0.4033 4
1746934634971 0.52351 5
1746934640434 0.48576 6
1746934646913 0.54849 7
1746934651379 0.54849 8
1746934659174 0.33584 9
1746934667184 0.66049 10
1746934672262 0.72351 11
1746934679081 0.7639 12
1746934685788 0.69274 13
1746934690758 0.72323 14
1746934699320 0.74853 15
1746934706093 0.7534 16
1746934713083 0.76476 17
1746934720403 0.83535 18
1746934726186 0.83133 19
1746934732444 0.85628 20
1746934736696 0.85628 21
1746934743314 0.922 22
1746934750032 0.96457 23
1746934753984 0.96457 24
1746934760796 0.96 25
1746934767385 0.88092 26
1746934773098 0.95344 27
1746934780615 0.92569 28
1746934788070 0.88092 29
1746934792878 0.92533 30
1746934799153 0.9614 31
1746934806261 0.8718 32
1746934812994 0.95135 33
1746934817624 0.95135 34
1746934825658 0.95638 35
1746934832567 0.95135 36
1746934837020 0.95135 37
1746934842998 0.9482 38
1746934848930 0.93885 39
1746934853741 0.93885 40
1746934860797 0.90518 41
1746934867076 0.90247 42
1746934871235 0.90247 43
1746934878175 0.90346 44
1746934882947 0.91883 45
1746934887257 0.91883 46
1746934893665 0.93291 47
1746934900672 0.94775 48
1746934908083 0.64531 49
1746934910579 0.951346153846154 49
