1746934609777 0.008 0
1746934614604 0.008 1
1746934619089 0.008 2
1746934624205 0.00867 3
1746934629926 0.01187 4
1746934634971 0.01124 5
1746934640434 1.0 6
1746934646913 0.92225 7
1746934651379 0.92225 8
1746934659174 0.92285 9
1746934667184 0.74575 10
1746934672262 0.74575 11
1746934679081 0.6592 12
1746934685788 0.6408 13
1746934690758 0.59114 14
1746934699320 0.61924 15
1746934706093 0.8 16
1746934713083 0.67208 17
1746934720403 0.8983 18
1746934726186 0.76099 19
1746934732444 0.97609 20
1746934736696 0.97609 21
1746934743314 0.97383 22
1746934750032 0.99441 23
1746934753984 0.99441 24
1746934760796 0.99096 25
1746934767385 0.98815 26
1746934773098 0.98967 27
1746934780615 0.90926 28
1746934788070 0.986 29
1746934792878 0.912 30
1746934799153 1.0 31
1746934806261 0.91478 32
1746934812994 0.99051 33
1746934817624 0.99051 34
1746934825658 1.0 35
1746934832567 0.99214 36
1746934837020 0.99214 37
1746934842998 0.92289 38
1746934848930 0.9614 39
1746934853741 0.9614 40
1746934860797 0.92247 41
1746934867076 0.92279 42
1746934871235 0.92279 43
1746934878175 0.91765 44
1746934882947 0.91592 45
1746934887257 0.91592 46
1746934893665 0.91548 47
1746934900672 0.91872 48
1746934908083 0.9889 49
1746934910579 0.9922189958076805 49
