1746934609777 0.92308 0
1746934614604 0.92308 1
1746934619089 0.92308 2
1746934624205 1.0 3
1746934629926 0.61538 4
1746934634971 0.61538 5
1746934640434 0.24092 6
1746934646913 0.38462 7
1746934651379 0.38462 8
1746934659174 0.30769 9
1746934667184 0.45239 10
1746934672262 0.45239 11
1746934679081 0.69231 12
1746934685788 0.76923 13
1746934690758 0.84615 14
1746934699320 0.76923 15
1746934706093 0.69231 16
1746934713083 0.78923 17
1746934720403 0.68051 18
1746934726186 0.76923 19
1746934732444 0.69231 20
1746934736696 0.69231 21
1746934743314 0.84615 22
1746934750032 0.92308 23
1746934753984 0.92308 24
1746934760796 0.92308 25
1746934767385 0.84615 26
1746934773098 0.92308 27
1746934780615 0.92308 28
1746934788070 0.84615 29
1746934792878 0.92308 30
1746934799153 0.91364 31
1746934806261 0.82695 32
1746934812994 0.84615 33
1746934817624 0.84615 34
1746934825658 0.91238 35
1746934832567 0.84615 36
1746934837020 0.84615 37
1746934842998 0.92082 38
1746934848930 0.84615 39
1746934853741 0.84615 40
1746934860797 0.91584 41
1746934867076 0.91968 42
1746934871235 0.91968 43
1746934878175 0.92308 44
1746934882947 0.92308 45
1746934887257 0.92308 46
1746934893665 0.92308 47
1746934900672 0.92308 48
1746934908083 0.61538 49
1746934910579 0.8461538461538461 49
