1746940768563 0.19221 0
1746940792432 0.21425 1
1746940811600 0.28511 2
1746940833898 0.30826 3
1746940855700 0.36318 4
1746940875290 0.34838 5
1746940895197 0.29364 6
1746940914000 0.27523 7
1746940931720 0.26536 8
1746940947034 0.26656 9
1746940966968 0.25154 10
1746940981271 0.24731 11
1746940998015 0.25061 12
1746941014273 0.30545 13
1746941032991 0.33211 14
1746941045969 0.36464 15
1746941060624 0.28365 16
1746941071799 0.28594 17
1746941093162 0.31953 18
1746941106365 0.43518 19
1746941118166 0.59613 20
1746941132556 0.60481 21
1746941144531 0.57682 22
1746941159895 0.64537 23
1746941174170 0.82852 24
1746941188923 0.85543 25
1746941209933 0.30965 26
1746941224055 0.76278 27
1746941238276 0.76278 28
1746941253420 0.80493 29
1746941265660 0.83913 30
1746941273851 0.88085 31
1746941282626 0.88085 32
1746941295289 0.8937 33
1746941312520 0.90989 34
1746941326600 0.91975 35
1746941341053 0.91975 36
1746941352401 0.92604 37
1746941367391 0.94478 38
1746941380633 0.97556 39
1746941388750 0.97556 40
1746941399791 0.98188 41
1746941412105 0.98188 42
1746941424407 0.98188 43
1746941436999 0.98188 44
1746941454077 0.90536 45
1746941465448 0.90536 46
1746941482117 0.97556 47
1746941496702 0.97556 48
1746941509068 0.97556 49
1746941512793 0.9755555555555556 49
