1746940768563 0.09332 0
1746940792432 0.13437 1
1746940811600 0.20852 2
1746940833898 0.1888 3
1746940855700 0.251 4
1746940875290 0.23332 5
1746940895197 0.22127 6
1746940914000 0.21502 7
1746940931720 0.21199 8
1746940947034 0.20722 9
1746940966968 0.19229 10
1746940981271 0.19205 11
1746940998015 0.18543 12
1746941014273 0.21849 13
1746941032991 0.22196 14
1746941045969 0.27536 15
1746941060624 0.22536 16
1746941071799 0.21116 17
1746941093162 0.24097 18
1746941106365 0.31792 19
1746941118166 0.45664 20
1746941132556 0.43178 21
1746941144531 0.40157 22
1746941159895 0.4481 23
1746941174170 0.52485 24
1746941188923 0.53529 25
1746941209933 0.17292 26
1746941224055 0.50548 27
1746941238276 0.50548 28
1746941253420 0.56515 29
1746941265660 0.5954 30
1746941273851 0.61072 31
1746941282626 0.61072 32
1746941295289 0.61847 33
1746941312520 0.61915 34
1746941326600 0.61752 35
1746941341053 0.61752 36
1746941352401 0.64394 37
1746941367391 0.66928 38
1746941380633 0.66645 39
1746941388750 0.66645 40
1746941399791 0.67904 41
1746941412105 0.6989 42
1746941424407 0.69426 43
1746941436999 0.69426 44
1746941454077 0.62444 45
1746941465448 0.61029 46
1746941482117 0.67824 47
1746941496702 0.67824 48
1746941509068 0.7026 49
1746941512793 0.7025982666089468 49
