1746940768563 0.008 0
1746940792432 0.008 1
1746940811600 0.008 2
1746940833898 0.008 3
1746940855700 0.008 4
1746940875290 0.008 5
1746940895197 0.008 6
1746940914000 0.00867 7
1746940931720 0.01861 8
1746940947034 0.21834 9
1746940966968 0.008 10
1746940981271 0.008 11
1746940998015 1.0 12
1746941014273 0.97761 13
1746941032991 0.91482 14
1746941045969 0.92066 15
1746941060624 0.9413 16
1746941071799 0.94795 17
1746941093162 0.96753 18
1746941106365 0.43058 19
1746941118166 0.88458 20
1746941132556 0.79438 21
1746941144531 0.77072 22
1746941159895 0.83065 23
1746941174170 0.88624 24
1746941188923 0.8414 25
1746941209933 1.0 26
1746941224055 0.86479 27
1746941238276 0.86479 28
1746941253420 0.79179 29
1746941265660 0.89931 30
1746941273851 1.0 31
1746941282626 1.0 32
1746941295289 1.0 33
1746941312520 0.97478 34
1746941326600 0.97089 35
1746941341053 0.97089 36
1746941352401 0.99701 37
1746941367391 0.97643 38
1746941380633 0.96973 39
1746941388750 0.96973 40
1746941399791 0.97717 41
1746941412105 0.98385 42
1746941424407 0.99455 43
1746941436999 0.99455 44
1746941454077 0.99872 45
1746941465448 1.0 46
1746941482117 1.0 47
1746941496702 1.0 48
1746941509068 0.99862 49
1746941512793 0.9986566315328491 49
