1746940768563 0.92308 0
1746940792432 0.92308 1
1746940811600 0.92308 2
1746940833898 0.92308 3
1746940855700 0.92308 4
1746940875290 0.92308 5
1746940895197 0.92308 6
1746940914000 1.0 7
1746940931720 0.84615 8
1746940947034 0.25898 9
1746940966968 0.92308 10
1746940981271 0.92308 11
1746940998015 0.22 12
1746941014273 0.23077 13
1746941032991 0.23077 14
1746941045969 0.23077 15
1746941060624 0.23077 16
1746941071799 0.23077 17
1746941093162 0.23077 18
1746941106365 0.53846 19
1746941118166 0.53846 20
1746941132556 0.53846 21
1746941144531 0.53846 22
1746941159895 0.53846 23
1746941174170 0.53846 24
1746941188923 0.61538 25
1746941209933 0.20156 26
1746941224055 0.53846 27
1746941238276 0.53846 28
1746941253420 0.53846 29
1746941265660 0.68755 30
1746941273851 0.76298 31
1746941282626 0.76298 32
1746941295289 0.83252 33
1746941312520 0.84615 34
1746941326600 0.84615 35
1746941341053 0.84615 36
1746941352401 0.92308 37
1746941367391 0.92308 38
1746941380633 0.92308 39
1746941388750 0.92308 40
1746941399791 0.92308 41
1746941412105 0.92308 42
1746941424407 0.92308 43
1746941436999 0.92308 44
1746941454077 0.84615 45
1746941465448 0.84602 46
1746941482117 0.92244 47
1746941496702 0.92244 48
1746941509068 0.92308 49
1746941512793 0.9230769230769231 49
