1746934917167 0.22545 0
1746934921794 0.24886 1
1746934927448 0.276 2
1746934933717 0.31426 3
1746934939288 0.24756 4
1746934944663 0.23089 5
1746934950340 0.29678 6
1746934957781 0.3889 7
1746934961986 0.3889 8
1746934968880 0.36258 9
1746934975869 0.43867 10
1746934980068 0.43867 11
1746934988675 0.44861 12
1746934997171 0.52936 13
1746935001458 0.52936 14
1746935006785 0.39517 15
1746935013072 0.43265 16
1746935020742 0.24252 17
1746935026598 0.43291 18
1746935032630 0.3772 19
1746935038644 0.43615 20
1746935042756 0.43615 21
1746935050783 0.38408 22
1746935060702 0.35418 23
1746935066290 0.60922 24
1746935073340 0.58136 25
1746935078877 0.63532 26
1746935083059 0.63532 27
1746935088301 0.6983 28
1746935095671 0.71657 29
1746935102066 0.71657 30
1746935112004 0.2359 31
1746935120108 0.59066 32
1746935126381 0.67231 33
1746935131226 0.67231 34
1746935139632 0.65738 35
1746935145983 0.60734 36
1746935150552 0.60734 37
1746935157020 0.6066 38
1746935164010 0.61542 39
1746935168384 0.61542 40
1746935176260 0.5434 41
1746935183866 0.4003 42
1746935190546 0.62098 43
1746935198269 0.6169 44
1746935209675 0.73607 45
1746935214555 0.73607 46
1746935221670 0.51958 47
