1746934917167 0.37483 0
1746934921794 0.45733 1
1746934927448 0.49052 2
1746934933717 0.52846 3
1746934939288 0.41741 4
1746934944663 0.4037 5
1746934950340 0.44803 6
1746934957781 0.55589 7
1746934961986 0.55589 8
1746934968880 0.50412 9
1746934975869 0.66435 10
1746934980068 0.66435 11
1746934988675 0.71437 12
1746934997171 0.81045 13
1746935001458 0.81045 14
1746935006785 0.65903 15
1746935013072 0.64207 16
1746935020742 0.39275 17
1746935026598 0.70047 18
1746935032630 0.62985 19
1746935038644 0.71139 20
1746935042756 0.71139 21
1746935050783 0.58765 22
1746935060702 0.50107 23
1746935066290 0.89766 24
1746935073340 0.85177 25
1746935078877 0.91978 26
1746935083059 0.91978 27
1746935088301 0.9373 28
1746935095671 0.9587 29
1746935102066 0.9587 30
1746935112004 0.30965 31
1746935120108 0.84955 32
1746935126381 0.89797 33
1746935131226 0.89797 34
1746935139632 0.88525 35
1746935145983 0.87662 36
1746935150552 0.87662 37
1746935157020 0.86728 38
1746935164010 0.86961 39
1746935168384 0.86961 40
1746935176260 0.798 41
1746935183866 0.60061 42
1746935190546 0.91726 43
1746935198269 0.90936 44
1746935209675 0.97853 45
1746935214555 0.97853 46
1746935221670 0.6719 47
