1746934917167 0.008 0
1746934921794 0.008 1
1746934927448 0.008 2
1746934933717 0.00867 3
1746934939288 0.00733 4
1746934944663 0.01052 5
1746934950340 1.0 6
1746934957781 1.0 7
1746934961986 1.0 8
1746934968880 1.0 9
1746934975869 1.0 10
1746934980068 1.0 11
1746934988675 0.88714 12
1746934997171 0.9957 13
1746935001458 0.9957 14
1746935006785 0.79775 15
1746935013072 0.79159 16
1746935020742 0.94226 17
1746935026598 0.96491 18
1746935032630 0.78878 19
1746935038644 0.8783 20
1746935042756 0.8783 21
1746935050783 0.73752 22
1746935060702 0.76244 23
1746935066290 0.90101 24
1746935073340 0.8887 25
1746935078877 0.95226 26
1746935083059 0.95226 27
1746935088301 1.0 28
1746935095671 0.98439 29
1746935102066 0.98439 30
1746935112004 0.96857 31
1746935120108 0.89363 32
1746935126381 0.9586 33
1746935131226 0.9586 34
1746935139632 0.90138 35
1746935145983 0.88612 36
1746935150552 0.88612 37
1746935157020 0.88249 38
1746935164010 0.7827 39
1746935168384 0.7827 40
1746935176260 0.76852 41
1746935183866 0.68814 42
1746935190546 0.84467 43
1746935198269 0.96333 44
1746935209675 0.98891 45
1746935214555 0.98891 46
1746935221670 0.98243 47
