1746934917167 0.92308 0
1746934921794 0.92308 1
1746934927448 0.92308 2
1746934933717 1.0 3
1746934939288 0.84615 4
1746934944663 0.53846 5
1746934950340 0.27296 6
1746934957781 0.38276 7
1746934961986 0.38276 8
1746934968880 0.44852 9
1746934975869 0.45823 10
1746934980068 0.45823 11
1746934988675 0.6057 12
1746934997171 0.76923 13
1746935001458 0.76923 14
1746935006785 0.60759 15
1746935013072 0.61538 16
1746935020742 0.38462 17
1746935026598 0.69231 18
1746935032630 0.61538 19
1746935038644 0.61538 20
1746935042756 0.61538 21
1746935050783 0.61538 22
1746935060702 0.49599 23
1746935066290 0.84615 24
1746935073340 0.76923 25
1746935078877 0.84615 26
1746935083059 0.84615 27
1746935088301 0.9181 28
1746935095671 0.92308 29
1746935102066 0.92308 30
1746935112004 0.30769 31
1746935120108 0.76923 32
1746935126381 0.76923 33
1746935131226 0.76923 34
1746935139632 0.76923 35
1746935145983 0.76923 36
1746935150552 0.76923 37
1746935157020 0.76923 38
1746935164010 0.84615 39
1746935168384 0.84615 40
1746935176260 0.76637 41
1746935183866 0.67981 42
1746935190546 0.83725 43
1746935198269 0.84615 44
1746935209675 0.92308 45
1746935214555 0.92308 46
1746935221670 0.61538 47
