1746888615278 0.15571 0
1746888622797 0.18807 1
1746888630292 0.29271 2
1746888639441 0.36017 3
1746888645664 0.36017 4
1746888657011 0.70729 5
1746888669807 0.36523 6
1746888681476 0.59439 7
1746888697235 0.59439 8
1746888707909 0.6983 9
1746888719084 0.5795 10
1746888728869 0.8741 11
1746888739244 0.92899 12
1746888752875 0.92965 13
1746888766334 0.92965 14
1746888777399 0.97238 15
1746888791917 0.94763 16
1746888803067 0.94763 17
1746888811034 0.96688 18
1746888821465 0.93625 19
1746888836748 0.93625 20
1746888851561 0.90597 21
1746888880211 0.88597 22
1746888911753 0.89502 23
1746888927871 0.89502 24
1746888941466 0.89424 25
1746888966986 0.9116 26
1746888980872 0.9116 27
1746888998235 0.88213 28
1746889017214 0.87998 29
1746889030450 0.87998 30
1746889056855 0.91718 31
1746889085506 0.9212 32
1746889099759 0.9212 33
1746889120320 0.90229 34
1746889142229 0.68904 35
1746889159303 0.88891 36
1746889180401 0.68908 37
1746889201423 0.89818 38
1746889220033 0.9043 39
1746889240458 0.9043 40
1746889266687 0.6208 41
1746889302119 0.63974 42
1746889321099 0.93821 43
1746889339292 0.94616 44
1746889356645 0.95258 45
1746889371919 0.95258 46
1746889394113 0.94895 47
1746889411726 0.95344 48
1746889420928 0.95344 49
1746889429510 0.7159966666666666 49
