1746888615278 0.07285 0
1746888622797 0.11489 1
1746888630292 0.12834 2
1746888639441 0.20743 3
1746888645664 0.20743 4
1746888657011 0.31574 5
1746888669807 0.15017 6
1746888681476 0.27606 7
1746888697235 0.27606 8
1746888707909 0.41584 9
1746888719084 0.34924 10
1746888728869 0.52577 11
1746888739244 0.55157 12
1746888752875 0.60404 13
1746888766334 0.60404 14
1746888777399 0.67902 15
1746888791917 0.70309 16
1746888803067 0.70309 17
1746888811034 0.65294 18
1746888821465 0.63503 19
1746888836748 0.63503 20
1746888851561 0.62686 21
1746888880211 0.58193 22
1746888911753 0.63897 23
1746888927871 0.63897 24
1746888941466 0.65028 25
1746888966986 0.61351 26
1746888980872 0.61351 27
1746888998235 0.58098 28
1746889017214 0.60808 29
1746889030450 0.60808 30
1746889056855 0.64672 31
1746889085506 0.65872 32
1746889099759 0.65872 33
1746889120320 0.60503 34
1746889142229 0.42715 35
1746889159303 0.57209 36
1746889180401 0.44349 37
1746889201423 0.61159 38
1746889220033 0.61444 39
1746889240458 0.61444 40
1746889266687 0.38225 41
1746889302119 0.40328 42
1746889321099 0.62196 43
1746889339292 0.63759 44
1746889356645 0.6748 45
1746889371919 0.6748 46
1746889394113 0.65341 47
1746889411726 0.66147 48
1746889420928 0.66147 49
1746889429510 0.5365383581944445 49
