1746888615278 0.008 0
1746888622797 0.008 1
1746888630292 0.008 2
1746888639441 0.008 3
1746888645664 0.008 4
1746888657011 0.85835 5
1746888669807 0.48682 6
1746888681476 0.80857 7
1746888697235 0.80857 8
1746888707909 0.88125 9
1746888719084 0.77841 10
1746888728869 0.78818 11
1746888739244 1.0 12
1746888752875 0.85498 13
1746888766334 0.85498 14
1746888777399 0.98092 15
1746888791917 0.99995 16
1746888803067 0.99995 17
1746888811034 0.98702 18
1746888821465 0.99895 19
1746888836748 0.99895 20
1746888851561 1.0 21
1746888880211 0.90594 22
1746888911753 0.90198 23
1746888927871 0.90198 24
1746888941466 0.91359 25
1746888966986 0.89475 26
1746888980872 0.89475 27
1746888998235 0.85398 28
1746889017214 0.90136 29
1746889030450 0.90136 30
1746889056855 0.9163 31
1746889085506 0.90885 32
1746889099759 0.90885 33
1746889120320 0.90562 34
1746889142229 1.0 35
1746889159303 0.98748 36
1746889180401 1.0 37
1746889201423 0.99169 38
1746889220033 0.99342 39
1746889240458 0.99342 40
1746889266687 0.98889 41
1746889302119 0.99204 42
1746889321099 1.0 43
1746889339292 1.0 44
1746889356645 1.0 45
1746889371919 1.0 46
1746889394113 1.0 47
1746889411726 1.0 48
1746889420928 1.0 49
1746889429510 0.9921338472082362 49
