1746888615278 0.92308 0
1746888622797 0.92308 1
1746888630292 0.92308 2
1746888639441 0.92308 3
1746888645664 0.92308 4
1746888657011 0.46675 5
1746888669807 0.38462 6
1746888681476 0.46154 7
1746888697235 0.46154 8
1746888707909 0.5731 9
1746888719084 0.61538 10
1746888728869 0.84615 11
1746888739244 0.92131 12
1746888752875 0.90795 13
1746888766334 0.90795 14
1746888777399 0.84615 15
1746888791917 0.84615 16
1746888803067 0.84615 17
1746888811034 0.84615 18
1746888821465 0.84615 19
1746888836748 0.84615 20
1746888851561 0.76182 21
1746888880211 0.76923 22
1746888911753 0.76923 23
1746888927871 0.76923 24
1746888941466 0.84615 25
1746888966986 0.84615 26
1746888980872 0.84615 27
1746888998235 0.90093 28
1746889017214 0.76923 29
1746889030450 0.76923 30
1746889056855 0.84239 31
1746889085506 0.92308 32
1746889099759 0.92308 33
1746889120320 0.84615 34
1746889142229 0.61269 35
1746889159303 0.76923 36
1746889180401 0.60901 37
1746889201423 0.76923 38
1746889220033 0.76923 39
1746889240458 0.76923 40
1746889266687 0.61538 41
1746889302119 0.61538 42
1746889321099 0.84312 43
1746889339292 0.91181 44
1746889356645 0.91827 45
1746889371919 0.91827 46
1746889394113 0.91872 47
1746889411726 0.91926 48
1746889420928 0.91926 49
1746889429510 0.6153846153846154 49
