1746884760528 0.0001 0
1746884770036 0.000215644 1
1746884776046 0.000326536 2
1746884783156 0.00043267599999999995 3
1746884789748 0.000534064 4
1746884795889 0.0006307 5
1746884804077 0.000722584 6
1746884818158 0.000809716 7
1746884833118 0.000892096 8
1746884843678 0.0009697240000000002 9
1746884855127 0.0010426 10
1746884865322 0.001110724 11
1746884885035 0.0011740960000000001 12
1746884894972 0.001232716 13
1746884908798 0.0012865840000000001 14
1746884919489 0.0013357 15
1746884933050 0.0013663999999999998 16
1746884942426 0.0013267999999999997 17
1746884953371 0.0012872 18
1746884962425 0.0012476 19
1746884969373 0.001208 20
1746884977152 0.0011684000000000002 21
1746884984327 0.0011288000000000001 22
1746884991573 0.0010892000000000002 23
1746885001589 0.0010496000000000001 24
1746885021853 0.00101 25
1746885054722 0.0009704 26
1746885069511 0.0009308 27
1746885084799 0.0008911999999999999 28
1746885101158 0.0008516000000000001 29
1746885124599 0.0008120000000000001 30
1746885150265 0.0007724 31
1746885167822 0.0007328 32
1746885184633 0.0006931999999999999 33
1746885195584 0.0006536 34
1746885215313 0.0006140000000000001 35
1746885235357 0.0005744000000000001 36
1746885253604 0.0005348000000000001 37
1746885273143 0.0004952 38
1746885296055 0.00045559999999999996 39
1746885311423 0.0004159999999999999 40
1746885328550 0.00037640000000000015 41
1746885342952 0.0003368000000000001 42
1746885354217 0.0002972 43
1746885370045 0.00025760000000000003 44
1746885381657 0.00021799999999999996 45
1746885396487 0.00017839999999999992 46
1746885412641 0.0001388000000000001 47
1746885433809 9.920000000000008e-05 48
1746885462968 5.9600000000000046e-05 49
