1746937876019 0.25189 0
1746937894346 0.62798 1
1746937908733 0.43175 2
1746937929627 0.40266 3
1746937944720 0.49179 4
1746937956818 0.49741 5
1746937969191 0.56549 6
1746937985019 0.61108 7
1746937995666 0.60413 8
1746938006493 0.60351 9
1746938023736 0.59867 10
1746938043590 0.61375 11
1746938057819 0.71053 12
1746938067300 0.77176 13
1746938075062 0.77176 14
1746938087249 0.76502 15
1746938098872 0.80885 16
1746938108942 0.59559 17
1746938113889 0.66459 18
1746938127763 0.74623 19
1746938135322 0.83153 20
1746938149777 0.91093 21
1746938160069 0.91093 22
1746938171242 0.5802 23
1746938181779 0.83471 24
1746938191979 0.94256 25
1746938201677 0.94256 26
1746938213474 0.68197 27
1746938224114 0.68851 28
1746938236742 0.60868 29
1746938247677 0.99 30
1746938259368 0.61757 31
1746938271131 0.61757 32
1746938282788 0.98429 33
1746938290232 0.98429 34
1746938306773 0.90727 35
1746938317730 0.91306 36
1746938328028 0.99 37
1746938337057 0.99 38
1746938348752 0.995 39
1746938359642 0.995 40
1746938372270 0.61757 41
1746938380691 0.995 42
1746938389102 0.995 43
1746938396810 0.995 44
1746938406405 0.995 45
1746938416053 0.995 46
1746938428125 0.61757 47
1746938439328 0.69651 48
1746938445488 0.995 49
1746938447181 0.995 49
