1746937876019 0.14581 0
1746937894346 0.35862 1
1746937908733 0.25257 2
1746937929627 0.25387 3
1746937944720 0.34298 4
1746937956818 0.3197 5
1746937969191 0.32038 6
1746937985019 0.37925 7
1746937995666 0.46239 8
1746938006493 0.44386 9
1746938023736 0.44713 10
1746938043590 0.43357 11
1746938057819 0.464 12
1746938067300 0.50754 13
1746938075062 0.50754 14
1746938087249 0.4724 15
1746938098872 0.57425 16
1746938108942 0.38631 17
1746938113889 0.4456 18
1746938127763 0.51658 19
1746938135322 0.60512 20
1746938149777 0.62558 21
1746938160069 0.62558 22
1746938171242 0.41885 23
1746938181779 0.60237 24
1746938191979 0.66224 25
1746938201677 0.66224 26
1746938213474 0.48582 27
1746938224114 0.4824 28
1746938236742 0.45445 29
1746938247677 0.72488 30
1746938259368 0.43915 31
1746938271131 0.4509 32
1746938282788 0.74643 33
1746938290232 0.74643 34
1746938306773 0.68591 35
1746938317730 0.69621 36
1746938328028 0.75362 37
1746938337057 0.75362 38
1746938348752 0.74888 39
1746938359642 0.74433 40
1746938372270 0.4336 41
1746938380691 0.76328 42
1746938389102 0.76647 43
1746938396810 0.77833 44
1746938406405 0.77906 45
1746938416053 0.77906 46
1746938428125 0.46679 47
1746938439328 0.51583 48
1746938445488 0.77235 49
1746938447181 0.7790462846075458 49
