1746937876019 0.008 0
1746937894346 0.00733 1
1746937908733 0.01698 2
1746937929627 0.47166 3
1746937944720 0.008 4
1746937956818 0.008 5
1746937969191 0.01132 6
1746937985019 1.0 7
1746937995666 1.0 8
1746938006493 1.0 9
1746938023736 0.86431 10
1746938043590 0.95841 11
1746938057819 0.78043 12
1746938067300 0.75841 13
1746938075062 0.75841 14
1746938087249 0.64492 15
1746938098872 0.83279 16
1746938108942 0.60959 17
1746938113889 0.59423 18
1746938127763 0.63174 19
1746938135322 0.87373 20
1746938149777 0.73503 21
1746938160069 0.73503 22
1746938171242 0.66623 23
1746938181779 0.87679 24
1746938191979 0.75995 25
1746938201677 0.75995 26
1746938213474 0.79849 27
1746938224114 0.88616 28
1746938236742 0.87905 29
1746938247677 0.91782 30
1746938259368 1.0 31
1746938271131 1.0 32
1746938282788 0.92652 33
1746938290232 0.92652 34
1746938306773 0.85103 35
1746938317730 0.90433 36
1746938328028 0.91584 37
1746938337057 0.91584 38
1746938348752 0.96041 39
1746938359642 0.97342 40
1746938372270 0.97149 41
1746938380691 0.98388 42
1746938389102 0.99094 43
1746938396810 0.99368 44
1746938406405 0.99594 45
1746938416053 0.99594 46
1746938428125 0.98973 47
1746938439328 1.0 48
1746938445488 1.0 49
1746938447181 0.9957309932708797 49
