1746937876019 0.92308 0
1746937894346 0.84615 1
1746937908733 0.92308 2
1746937929627 0.38462 3
1746937944720 0.92308 4
1746937956818 0.92308 5
1746937969191 0.69231 6
1746937985019 0.47524 7
1746937995666 0.27738 8
1746938006493 0.19569 9
1746938023736 0.53846 10
1746938043590 0.46154 11
1746938057819 0.61538 12
1746938067300 0.72594 13
1746938075062 0.72594 14
1746938087249 0.69897 15
1746938098872 0.76648 16
1746938108942 0.72182 17
1746938113889 0.78938 18
1746938127763 0.76923 19
1746938135322 0.61538 20
1746938149777 0.92308 21
1746938160069 0.92308 22
1746938171242 0.61538 23
1746938181779 0.69231 24
1746938191979 0.9751 25
1746938201677 0.9751 26
1746938213474 0.69231 27
1746938224114 0.69231 28
1746938236742 0.61538 29
1746938247677 1.0 30
1746938259368 0.60804 31
1746938271131 0.61362 32
1746938282788 1.0 33
1746938290232 1.0 34
1746938306773 0.92308 35
1746938317730 0.92308 36
1746938328028 1.0 37
1746938337057 1.0 38
1746938348752 1.0 39
1746938359642 1.0 40
1746938372270 0.61538 41
1746938380691 1.0 42
1746938389102 1.0 43
1746938396810 1.0 44
1746938406405 1.0 45
1746938416053 1.0 46
1746938428125 0.61538 47
1746938439328 0.68858 48
1746938445488 0.98538 49
1746938447181 1.0 49
