1746941796663 0.09332 0
1746941801156 0.13448 1
1746941804946 0.19871 2
1746941808837 0.19113 3
1746941813532 0.29306 4
1746941826552 0.27582 5
1746941830792 0.21704 6
1746941834675 0.2037 7
1746941838467 0.21208 8
1746941846918 0.21049 9
1746941854911 0.19162 10
1746941858666 0.18439 11
1746941863161 0.14197 12
1746941867961 0.25098 13
1746941871848 0.25443 14
1746941879087 0.27204 15
1746941882819 0.31539 16
1746941890331 0.36654 17
1746941894247 0.37587 18
1746941898777 0.33665 19
1746941902473 0.29148 20
1746941909931 0.29736 21
1746941917334 0.33457 22
1746941920889 0.37459 23
1746941928142 0.55672 24
1746941934220 0.57592 25
1746941941265 0.53647 26
1746941950445 0.47625 27
1746941954143 0.47625 28
1746941959729 0.47326 29
1746941968404 0.59177 30
1746941974611 0.20432 31
1746941981353 0.38224 32
1746941985642 0.57871 33
1746941989195 0.53572 34
1746941992923 0.56641 35
1746941999803 0.56641 36
1746942006588 0.62018 37
1746942015630 0.62859 38
1746942020848 0.64342 39
1746942037680 0.64342 40
1746942053403 0.6477 41
1746942072579 0.61258 42
1746942087933 0.22501 43
1746942104585 0.60761 44
1746942118226 0.5826 45
1746942133403 0.32402 46
1746942145839 0.45455 47
1746942164454 0.54621 48
1746942184525 0.66771 49
1746942202904 0.70792 50
1746942221616 0.60503 51
1746942238800 0.6864 52
1746942251843 0.60586 53
1746942271414 0.21287 54
1746942292151 0.6724 55
1746942302695 0.6724 56
1746942322857 0.41969 57
1746942342517 0.39891 58
1746942361199 0.41169 59
1746942378027 0.47315 60
1746942393135 0.70701 61
1746942413786 0.43816 62
1746942425545 0.74904 63
1746942437944 0.74904 64
1746942449811 0.43418 65
1746942463552 0.72117 66
1746942478685 0.4883 67
1746942487951 0.71724 68
1746942509559 0.6718 69
1746942524472 0.4346 70
1746942540697 0.42722 71
1746942557123 0.63699 72
1746942580480 0.42347 73
1746942599466 0.47266 74
1746942612836 0.42327 75
1746942627210 0.64807 76
1746942647248 0.42223 77
1746942664166 0.42555 78
1746942681006 0.22706 79
1746942694816 0.47572 80
1746942710626 0.40844 81
1746942734181 0.40322 82
1746942744084 0.45309 83
1746942756206 0.70008 84
1746942771391 0.21894 85
1746942785175 0.67573 86
1746942804481 0.41004 87
1746942816367 0.68195 88
1746942837653 0.42487 89
1746942855485 0.42682 90
1746942872180 0.22388 91
1746942884624 0.65528 92
1746942897631 0.4261 93
1746942910182 0.22776 94
1746942922841 0.42263 95
1746942943650 0.65568 96
1746942953799 0.41112 97
1746942965552 0.21588 98
1746942977639 0.40567 99
1746942982545 0.6715560542261905 99
