1746941796663 0.19221 0
1746941801156 0.21465 1
1746941804946 0.28192 2
1746941808837 0.30599 3
1746941813532 0.41382 4
1746941826552 0.42147 5
1746941830792 0.30237 6
1746941834675 0.27219 7
1746941838467 0.24821 8
1746941846918 0.24761 9
1746941854911 0.24647 10
1746941858666 0.24428 11
1746941863161 0.21239 12
1746941867961 0.31616 13
1746941871848 0.37292 14
1746941879087 0.37964 15
1746941882819 0.47974 16
1746941890331 0.53361 17
1746941894247 0.52645 18
1746941898777 0.47268 19
1746941902473 0.42905 20
1746941909931 0.41797 21
1746941917334 0.45526 22
1746941920889 0.52699 23
1746941928142 0.68268 24
1746941934220 0.75665 25
1746941941265 0.7451 26
1746941950445 0.66265 27
1746941954143 0.66265 28
1746941959729 0.65126 29
1746941968404 0.88375 30
1746941974611 0.30965 31
1746941981353 0.60093 32
1746941985642 0.88577 33
1746941989195 0.83267 34
1746941992923 0.88152 35
1746941999803 0.88152 36
1746942006588 0.90262 37
1746942015630 0.9072 38
1746942020848 0.91914 39
1746942037680 0.91914 40
1746942053403 0.90145 41
1746942072579 0.80738 42
1746942087933 0.30965 43
1746942104585 0.82621 44
1746942118226 0.8007 45
1746942133403 0.45171 46
1746942145839 0.687 47
1746942164454 0.77636 48
1746942184525 0.87308 49
1746942202904 0.92144 50
1746942221616 0.83331 51
1746942238800 0.91254 52
1746942251843 0.84992 53
1746942271414 0.30965 54
1746942292151 0.94101 55
1746942302695 0.94101 56
1746942322857 0.63096 57
1746942342517 0.58215 58
1746942361199 0.5868 59
1746942378027 0.66451 60
1746942393135 0.97853 61
1746942413786 0.60157 62
1746942425545 0.98567 63
1746942437944 0.98567 64
1746942449811 0.59575 65
1746942463552 0.98567 66
1746942478685 0.68197 67
1746942487951 0.98567 68
1746942509559 0.91394 69
1746942524472 0.61757 70
1746942540697 0.61757 71
1746942557123 0.92536 72
1746942580480 0.61757 73
1746942599466 0.69651 74
1746942612836 0.59575 75
1746942627210 0.90936 76
1746942647248 0.5868 77
1746942664166 0.59575 78
1746942681006 0.30965 79
1746942694816 0.68197 80
1746942710626 0.60157 81
1746942734181 0.60157 82
1746942744084 0.68197 83
1746942756206 0.98567 84
1746942771391 0.30965 85
1746942785175 0.98567 86
1746942804481 0.60157 87
1746942816367 0.98567 88
1746942837653 0.60868 89
1746942855485 0.60868 90
1746942872180 0.30965 91
1746942884624 0.92536 92
1746942897631 0.61757 93
1746942910182 0.30965 94
1746942922841 0.61757 95
1746942943650 0.92536 96
1746942953799 0.60868 97
1746942965552 0.30965 98
1746942977639 0.60868 99
1746942982545 0.9139354285714286 99
