1746941796663 0.008 0
1746941801156 0.008 1
1746941804946 0.008 2
1746941808837 0.008 3
1746941813532 0.008 4
1746941826552 0.008 5
1746941830792 0.008 6
1746941834675 0.008 7
1746941838467 0.01729 8
1746941846918 0.008 9
1746941854911 0.008 10
1746941858666 0.008 11
1746941863161 1.0 12
1746941867961 0.79758 13
1746941871848 0.67803 14
1746941879087 0.8931 15
1746941882819 1.0 16
1746941890331 1.0 17
1746941894247 1.0 18
1746941898777 0.62801 19
1746941902473 0.52447 20
1746941909931 0.51004 21
1746941917334 0.5746 22
1746941920889 0.6769 23
1746941928142 0.90928 24
1746941934220 1.0 25
1746941941265 1.0 26
1746941950445 0.75227 27
1746941954143 0.75227 28
1746941959729 0.55256 29
1746941968404 0.90127 30
1746941974611 0.92102 31
1746941981353 0.86241 32
1746941985642 0.85457 33
1746941989195 0.75472 34
1746941992923 0.8304 35
1746941999803 0.8304 36
1746942006588 0.90983 37
1746942015630 0.85226 38
1746942020848 0.91399 39
1746942037680 0.91399 40
1746942053403 0.91321 41
1746942072579 0.89771 42
1746942087933 0.92299 43
1746942104585 0.82479 44
1746942118226 0.74801 45
1746942133403 0.60035 46
1746942145839 0.60162 47
1746942164454 0.62255 48
1746942184525 0.79402 49
1746942202904 0.85492 50
1746942221616 0.84567 51
1746942238800 0.85659 52
1746942251843 0.84484 53
1746942271414 0.92087 54
1746942292151 0.92223 55
1746942302695 0.92223 56
1746942322857 0.85824 57
1746942342517 0.83395 58
1746942361199 0.94564 59
1746942378027 0.95875 60
1746942393135 0.98086 61
1746942413786 0.97504 62
1746942425545 0.99389 63
1746942437944 0.99389 64
1746942449811 0.99088 65
1746942463552 1.0 66
1746942478685 0.98619 67
1746942487951 0.99439 68
1746942509559 0.98969 69
1746942524472 1.0 70
1746942540697 1.0 71
1746942557123 1.0 72
1746942580480 1.0 73
1746942599466 1.0 74
1746942612836 0.98882 75
1746942627210 0.99269 76
1746942647248 0.98857 77
1746942664166 0.98788 78
1746942681006 0.98582 79
1746942694816 0.98822 80
1746942710626 0.98512 81
1746942734181 0.98004 82
1746942744084 0.97401 83
1746942756206 0.98281 84
1746942771391 0.98394 85
1746942785175 0.98371 86
1746942804481 0.97445 87
1746942816367 0.98812 88
1746942837653 0.88391 89
1746942855485 0.85927 90
1746942872180 0.98693 91
1746942884624 0.9476 92
1746942897631 1.0 93
1746942910182 0.9867 94
1746942922841 1.0 95
1746942943650 1.0 96
1746942953799 0.85959 97
1746942965552 0.98635 98
1746942977639 0.87355 99
1746942982545 0.9929129229905269 99
