1746941796663 0.92308 0
1746941801156 0.92308 1
1746941804946 0.92308 2
1746941808837 0.92308 3
1746941813532 0.92308 4
1746941826552 0.92308 5
1746941830792 0.92308 6
1746941834675 0.92308 7
1746941838467 0.84615 8
1746941846918 0.92308 9
1746941854911 0.92308 10
1746941858666 0.92308 11
1746941863161 0.13692 12
1746941867961 0.23077 13
1746941871848 0.23077 14
1746941879087 0.23077 15
1746941882819 0.26599 16
1746941890331 0.24407 17
1746941894247 0.34714 18
1746941898777 0.46154 19
1746941902473 0.51047 20
1746941909931 0.38462 21
1746941917334 0.31225 22
1746941920889 0.46154 23
1746941928142 0.46154 24
1746941934220 0.52122 25
1746941941265 0.52735 26
1746941950445 0.46783 27
1746941954143 0.46783 28
1746941959729 0.57136 29
1746941968404 0.92308 30
1746941974611 0.30769 31
1746941981353 0.61538 32
1746941985642 0.90508 33
1746941989195 0.71117 34
1746941992923 0.92308 35
1746941999803 0.92308 36
1746942006588 0.77675 37
1746942015630 0.88892 38
1746942020848 0.92308 39
1746942037680 0.92308 40
1746942053403 0.92308 41
1746942072579 0.84615 42
1746942087933 0.30769 43
1746942104585 0.84615 44
1746942118226 0.92308 45
1746942133403 0.53846 46
1746942145839 0.84615 47
1746942164454 0.92308 48
1746942184525 0.92308 49
1746942202904 0.90754 50
1746942221616 0.84323 51
1746942238800 0.91924 52
1746942251843 0.84615 53
1746942271414 0.30769 54
1746942292151 0.91289 55
1746942302695 0.91289 56
1746942322857 0.61538 57
1746942342517 0.53846 58
1746942361199 0.53846 59
1746942378027 0.61538 60
1746942393135 0.92308 61
1746942413786 0.53846 62
1746942425545 0.92308 63
1746942437944 0.92308 64
1746942449811 0.53846 65
1746942463552 0.91873 66
1746942478685 0.61538 67
1746942487951 0.92308 68
1746942509559 0.84615 69
1746942524472 0.60765 70
1746942540697 0.60943 71
1746942557123 0.9153 72
1746942580480 0.60954 73
1746942599466 0.68546 74
1746942612836 0.53846 75
1746942627210 0.84615 76
1746942647248 0.53846 77
1746942664166 0.53846 78
1746942681006 0.30769 79
1746942694816 0.61538 80
1746942710626 0.53846 81
1746942734181 0.53846 82
1746942744084 0.61538 83
1746942756206 0.92308 84
1746942771391 0.30769 85
1746942785175 0.92308 86
1746942804481 0.53846 87
1746942816367 0.92308 88
1746942837653 0.61538 89
1746942855485 0.61538 90
1746942872180 0.30769 91
1746942884624 0.92308 92
1746942897631 0.60784 93
1746942910182 0.30769 94
1746942922841 0.60105 95
1746942943650 0.89986 96
1746942953799 0.61538 97
1746942965552 0.30769 98
1746942977639 0.61538 99
1746942982545 0.8461538461538461 99
