1746889698256 1.78718 0
1746889703008 1.34048 1
1746889708756 1.35154 2
1746889714510 1.26979 3
1746889720448 1.37585 4
1746889725239 1.24472 5
1746889732349 1.40721 6
1746889740080 1.24341 7
1746889747664 1.23234 8
1746889753919 0.99257 9
1746889761620 1.15414 10
1746889769286 1.35261 11
1746889777539 1.24374 12
1746889784794 1.19123 13
1746889794251 1.03035 14
1746889800937 1.18649 15
1746889809441 1.3215 16
1746889818482 1.11573 17
1746889823592 1.04425 18
1746889832134 1.24737 19
1746889840797 1.19249 20
1746889845865 0.91362 21
1746889853867 0.943 22
1746889862370 1.14657 23
1746889870856 1.08299 24
1746889876209 1.06824 25
1746889884405 1.03348 26
1746889893362 0.82023 27
1746889901056 1.24221 28
1746889910283 0.98653 29
1746889918510 0.94017 30
1746889928948 1.01687 31
1746889939477 1.03493 32
1746889949194 0.9975 33
1746889957712 0.98862 34
1746889967478 1.10519 35
1746889975223 1.09697 36
1746889983344 0.88419 37
1746889993076 0.90265 38
1746890001462 0.95952 39
1746890009540 0.96298 40
1746890018120 0.88687 41
1746890026278 0.84286 42
1746890034516 0.83797 43
1746890039588 0.85361 44
1746890048396 0.81707 45
1746890056399 0.88012 46
1746890064250 0.86461 47
1746890072246 0.87025 48
1746890080460 0.84478 49
