1746889698256 4.34932 0
1746889703008 4.3427 1
1746889708756 3.94513 2
1746889714510 3.58904 3
1746889720448 4.55581 4
1746889725239 3.84451 5
1746889732349 3.01926 6
1746889740080 4.09601 7
1746889747664 3.09388 8
1746889753919 3.57482 9
1746889761620 2.83281 10
1746889769286 2.47746 11
1746889777539 1.9531 12
1746889784794 2.23095 13
1746889794251 2.33368 14
1746889800937 2.45767 15
1746889809441 2.66076 16
1746889818482 1.95068 17
1746889823592 2.60906 18
1746889832134 2.19197 19
1746889840797 1.91045 20
1746889845865 2.96239 21
1746889853867 2.15159 22
1746889862370 2.10082 23
1746889870856 1.69276 24
1746889876209 1.51499 25
1746889884405 1.7356 26
1746889893362 2.06911 27
1746889901056 1.71204 28
1746889910283 1.94833 29
1746889918510 1.74555 30
1746889928948 1.40588 31
1746889939477 1.36724 32
1746889949194 2.37945 33
1746889957712 1.33819 34
1746889967478 1.75335 35
1746889975223 1.52946 36
1746889983344 1.6966 37
1746889993076 1.32288 38
1746890001462 1.68525 39
1746890009540 1.3497 40
1746890018120 1.25868 41
1746890026278 1.28241 42
1746890034516 1.20242 43
1746890039588 1.57931 44
1746890048396 1.39682 45
1746890056399 1.53663 46
1746890064250 1.38299 47
1746890072246 1.2233 48
1746890080460 1.2706 49
