1746889698256 1.36262 0
1746889703008 1.19395 1
1746889708756 1.1565 2
1746889714510 1.06681 3
1746889720448 1.09717 4
1746889725239 1.0277 5
1746889732349 1.17428 6
1746889740080 1.06432 7
1746889747664 1.03318 8
1746889753919 0.86973 9
1746889761620 1.10593 10
1746889769286 1.13272 11
1746889777539 1.07092 12
1746889784794 1.11243 13
1746889794251 0.9968 14
1746889800937 1.06686 15
1746889809441 1.09581 16
1746889818482 1.06645 17
1746889823592 1.10235 18
1746889832134 1.15075 19
1746889840797 1.17605 20
1746889845865 0.86096 21
1746889853867 1.03827 22
1746889862370 1.10009 23
1746889870856 1.1683 24
1746889876209 1.06011 25
1746889884405 1.03492 26
1746889893362 0.90198 27
1746889901056 1.19216 28
1746889910283 1.05298 29
1746889918510 0.99302 30
1746889928948 1.10514 31
1746889939477 1.12702 32
1746889949194 1.09318 33
1746889957712 1.03537 34
1746889967478 1.10757 35
1746889975223 1.05124 36
1746889983344 0.9708 37
1746889993076 1.01289 38
1746890001462 1.04595 39
1746890009540 1.00953 40
1746890018120 1.00346 41
1746890026278 0.98576 42
1746890034516 0.96919 43
1746890039588 0.91683 44
1746890048396 0.91173 45
1746890056399 0.95046 46
1746890064250 0.9824 47
1746890072246 1.00296 48
1746890080460 0.9811 49
