1746907572748 0.02238 0
1746907916504 0.00129 1
1746907927094 0.03123 2
1746907937475 0.00145 3
1746907945635 0.00062 4
1746907955955 0.0 5
1746907965874 0.00109 6
1746907977557 0.0 7
1746907985223 0.0 8
1746907995389 0.00019 9
1746908006511 0.0 10
1746908014599 0.0 11
1746908025515 0.0 12
1746908043756 0.00149 13
1746908054400 0.00048 14
1746908082393 0.00344 15
1746908113836 0.00459 16
1746908132011 0.00364 17
1746908167595 0.00415 18
1746908212103 0.00839 19
1746908250450 0.00723 20
1746908288166 0.03834 21
1746908386792 0.07205 22
1746908711647 0.13365 23
1746908870265 0.13999 24
1746909302464 0.10293 25
1746909390930 0.07638 26
1746909467341 0.02158 27
1746909555027 0.07316 28
1746909662892 0.06973 29
1746909796487 0.06419 30
1746909936283 0.09197 31
1746910580358 0.09648 32
1746911421529 0.1338 33
1746911645156 0.1584 34
1746912226374 0.11589 35
1746912441807 0.13248 36
1746912688001 0.10979 37
1746913240803 0.10473 38
1746913603983 0.08562 39
1746913617174 0.12406 40
1746913631193 0.13928 41
1746913648439 0.1057 42
1746913681379 0.14296 43
1746914245413 0.11674 44
1746915241993 0.10693 45
1746915775904 0.16467 46
1746916681018 0.12506 47
1746917662813 0.13213 48
1746917705196 0.18737 49
1746918374340 0.13213585103930098 49
