1746907572748 0.0833 0
1746907916504 0.00186 1
1746907927094 0.07833 2
1746907937475 0.00518 3
1746907945635 0.00177 4
1746907955955 0.0 5
1746907965874 0.00319 6
1746907977557 0.0 7
1746907985223 0.0 8
1746907995389 0.00096 9
1746908006511 0.0 10
1746908014599 0.0 11
1746908025515 0.0 12
1746908043756 0.00518 13
1746908054400 0.0008 14
1746908082393 0.00938 15
1746908113836 0.00739 16
1746908132011 0.0061 17
1746908167595 0.00655 18
1746908212103 0.01833 19
1746908250450 0.01571 20
1746908288166 0.09178 21
1746908386792 0.18451 22
1746908711647 0.20717 23
1746908870265 0.23955 24
1746909302464 0.1695 25
1746909390930 0.10784 26
1746909467341 0.03481 27
1746909555027 0.09741 28
1746909662892 0.11454 29
1746909796487 0.10662 30
1746909936283 0.15784 31
1746910580358 0.18231 32
1746911421529 0.28663 33
1746911645156 0.24753 34
1746912226374 0.20607 35
1746912441807 0.28237 36
1746912688001 0.18615 37
1746913240803 0.1795 38
1746913603983 0.13535 39
1746913617174 0.23355 40
1746913631193 0.23044 41
1746913648439 0.12996 42
1746913681379 0.2204 43
1746914245413 0.15215 44
1746915241993 0.16409 45
1746915775904 0.32114 46
1746916681018 0.19185 47
1746917662813 0.21174 48
1746917705196 0.36072 49
1746918374340 0.2117556065295625 49
