1746907572748 0.01092 0
1746907916504 0.00216 1
1746907927094 0.24666 2
1746907937475 0.00779 3
1746907945635 0.0042 4
1746907955955 0.0 5
1746907965874 0.00237 6
1746907977557 0.0 7
1746907985223 0.0 8
1746907995389 0.00221 9
1746908006511 0.0 10
1746908014599 0.0 11
1746908025515 0.0 12
1746908043756 0.00364 13
1746908054400 0.00174 14
1746908082393 0.0121 15
1746908113836 0.00801 16
1746908132011 0.00604 17
1746908167595 0.01067 18
1746908212103 0.03062 19
1746908250450 0.02556 20
1746908288166 0.16652 21
1746908386792 0.78091 22
1746908711647 0.80598 23
1746908870265 0.80598 24
1746909302464 0.46741 25
1746909390930 0.11121 26
1746909467341 0.04046 27
1746909555027 0.13155 28
1746909662892 0.2499 29
1746909796487 0.14445 30
1746909936283 0.53407 31
1746910580358 0.40125 32
1746911421529 0.32621 33
1746911645156 0.58296 34
1746912226374 0.489 35
1746912441807 0.65565 36
1746912688001 0.28317 37
1746913240803 0.4918 38
1746913603983 0.18354 39
1746913617174 0.30976 40
1746913631193 0.32311 41
1746913648439 0.1854 42
1746913681379 0.28417 43
1746914245413 0.36913 44
1746915241993 0.23801 45
1746915775904 0.45744 46
1746916681018 0.48874 47
1746917662813 0.41677 48
1746917705196 0.45118 49
1746918374340 0.4169741968668282 49
