1746907572748 0.53846 0
1746907916504 0.07692 1
1746907927094 0.07692 2
1746907937475 0.07692 3
1746907945635 0.15385 4
1746907955955 0.0 5
1746907965874 0.07692 6
1746907977557 0.0 7
1746907985223 0.0 8
1746907995389 0.07692 9
1746908006511 0.0 10
1746908014599 0.0 11
1746908025515 0.0 12
1746908043756 0.07692 13
1746908054400 0.07692 14
1746908082393 0.30769 15
1746908113836 0.30769 16
1746908132011 0.30769 17
1746908167595 0.23077 18
1746908212103 0.07692 19
1746908250450 0.15385 20
1746908288166 0.07692 21
1746908386792 0.15385 22
1746908711647 0.15385 23
1746908870265 0.15385 24
1746909302464 0.23077 25
1746909390930 0.23077 26
1746909467341 0.15385 27
1746909555027 0.15385 28
1746909662892 0.15385 29
1746909796487 0.15385 30
1746909936283 0.15385 31
1746910580358 0.23077 32
1746911421529 0.30769 33
1746911645156 0.23077 34
1746912226374 0.23077 35
1746912441807 0.29498 36
1746912688001 0.23077 37
1746913240803 0.23077 38
1746913603983 0.23077 39
1746913617174 0.44935 40
1746913631193 0.46154 41
1746913648439 0.23077 42
1746913681379 0.33707 43
1746914245413 0.15385 44
1746915241993 0.23077 45
1746915775904 0.46154 46
1746916681018 0.22211 47
1746917662813 0.23077 48
1746917705196 0.46154 49
1746918374340 0.23076923076923078 49
