1746890679540 0.001 0
1746890683917 0.00205842 1
1746890690006 0.00307328 2
1746890695965 0.00404458 3
1746890701759 0.0049723200000000006 4
1746890710008 0.005856500000000001 5
1746890715772 0.00669712 6
1746890722335 0.00749418 7
1746890729313 0.008247679999999999 8
1746890735476 0.008218000000000001 9
1746890744845 0.008020000000000001 10
1746890751937 0.007822 11
1746890761668 0.007624 12
1746890772150 0.007426 13
1746890781594 0.007228 14
1746890793244 0.00703 15
1746890800080 0.0068319999999999995 16
1746890810048 0.006633999999999999 17
1746890820031 0.006436000000000001 18
1746890827756 0.0062380000000000005 19
1746890844008 0.00604 20
1746890865807 0.005842000000000001 21
1746890884058 0.005644000000000001 22
1746890902776 0.005446000000000001 23
1746890922169 0.005248000000000001 24
1746890944125 0.00505 25
1746890956231 0.0048519999999999995 26
1746890977225 0.004654 27
1746891004747 0.004456 28
1746891028414 0.0042580000000000005 29
1746891053705 0.00406 30
1746891071909 0.003862 31
1746891103309 0.003664 32
1746891123968 0.003466 33
1746891155030 0.003268 34
1746891182643 0.0030700000000000007 35
1746891208020 0.002872 36
1746891227515 0.002674 37
1746891255340 0.002476 38
1746891281265 0.0022779999999999996 39
1746891304035 0.00208 40
1746891321559 0.0018820000000000006 41
1746891331256 0.0016840000000000006 42
1746891352330 0.0014860000000000001 43
1746891370369 0.001288 44
1746891387570 0.0010899999999999998 45
1746891407566 0.0008919999999999996 46
1746891427970 0.0006940000000000005 47
1746891461552 0.0004960000000000005 48
1746891482976 0.0002980000000000002 49
