1746889440904 0.07285 0
1746889448598 0.11331 1
1746889456487 0.10349 2
1746889465817 0.05439 3
1746889472644 0.17113 4
1746889483437 0.21064 5
1746889492009 0.23124 6
1746889502378 0.26656 7
1746889510391 0.31463 8
1746889520214 0.38039 9
1746889529596 0.41314 10
1746889535074 0.41314 11
1746889545681 0.32407 12
1746889555313 0.53204 13
1746889562398 0.53204 14
1746889571738 0.38012 15
1746889583150 0.58453 16
1746889590569 0.58453 17
1746889599398 0.57976 18
1746889609350 0.44961 19
1746889619433 0.57375 20
1746889629337 0.46697 21
1746889637554 0.47232 22
1746889647448 0.63235 23
1746889652477 0.63235 24
1746889660246 0.65018 25
1746889668032 0.64221 26
1746889672936 0.64221 27
1746889680261 0.49913 28
1746889688396 0.48364 29
1746889691679 0.6501816535298504 29
