1746889440904 0.1557 0
1746889448598 0.19064 1
1746889456487 0.21924 2
1746889465817 0.09642 3
1746889472644 0.26292 4
1746889483437 0.53219 5
1746889492009 0.6113 6
1746889502378 0.49471 7
1746889510391 0.68347 8
1746889520214 0.59046 9
1746889529596 0.70962 10
1746889535074 0.70962 11
1746889545681 0.54491 12
1746889555313 0.92425 13
1746889562398 0.92425 14
1746889571738 0.731 15
1746889583150 0.96636 16
1746889590569 0.96636 17
1746889599398 0.96 18
1746889609350 0.71858 19
1746889619433 0.94568 20
1746889629337 0.70987 21
1746889637554 0.71787 22
1746889647448 0.94833 23
1746889652477 0.94833 24
1746889660246 0.95176 25
1746889668032 0.95638 26
1746889672936 0.95638 27
1746889680261 0.72781 28
1746889688396 0.731 29
1746889691679 0.9517647058823528 29
