1746889440904 0.008 0
1746889448598 0.008 1
1746889456487 0.008 2
1746889465817 0.00667 3
1746889472644 0.00733 4
1746889483437 0.52887 5
1746889492009 0.53975 6
1746889502378 0.83739 7
1746889510391 0.846 8
1746889520214 0.8738 9
1746889529596 1.0 10
1746889535074 1.0 11
1746889545681 1.0 12
1746889555313 0.88119 13
1746889562398 0.88119 14
1746889571738 1.0 15
1746889583150 0.98857 16
1746889590569 0.98857 17
1746889599398 0.98798 18
1746889609350 1.0 19
1746889619433 1.0 20
1746889629337 1.0 21
1746889637554 1.0 22
1746889647448 1.0 23
1746889652477 1.0 24
1746889660246 0.99398 25
1746889668032 1.0 26
1746889672936 1.0 27
1746889680261 1.0 28
1746889688396 1.0 29
1746889691679 0.9931631700077884 29
