1746889440904 0.92308 0
1746889448598 0.92308 1
1746889456487 0.92308 2
1746889465817 0.61538 3
1746889472644 0.84615 4
1746889483437 0.38462 5
1746889492009 0.61538 6
1746889502378 0.46154 7
1746889510391 0.61538 8
1746889520214 0.53329 9
1746889529596 0.59131 10
1746889535074 0.59131 11
1746889545681 0.38245 12
1746889555313 0.76923 13
1746889562398 0.76923 14
1746889571738 0.67529 15
1746889583150 0.92308 16
1746889590569 0.92308 17
1746889599398 0.92308 18
1746889609350 0.68233 19
1746889619433 0.90863 20
1746889629337 0.61394 21
1746889637554 0.68845 22
1746889647448 0.9184 23
1746889652477 0.9184 24
1746889660246 0.92308 25
1746889668032 0.9144 26
1746889672936 0.9144 27
1746889680261 0.69193 28
1746889688396 0.68482 29
1746889691679 0.9230769230769231 29
