1746886445883 0.09048 0
1746886453024 0.09615 1
1746886459706 0.11107 2
1746886467316 0.15471 3
1746886474244 0.20475 4
1746886481948 0.40554 5
1746886488561 0.48061 6
1746886496771 0.47239 7
1746886503292 0.47239 8
1746886510572 0.44114 9
1746886518475 0.46509 10
1746886525610 0.46509 11
1746886534270 0.39595 12
1746886542477 0.51529 13
1746886549543 0.51529 14
1746886557687 0.53451 15
1746886565985 0.68213 16
1746886573080 0.58444 17
1746886581671 0.58444 18
1746886590411 0.70602 19
1746886599289 0.72311 20
1746886607413 0.72311 21
1746886618674 0.67176 22
1746886633198 0.69172 23
1746886641403 0.69172 24
1746886651686 0.73076 25
1746886662800 0.77236 26
1746886673738 0.77236 27
1746886687483 0.7492 28
1746886699827 0.75229 29
1746886711279 0.7723602151262626 29
