1746886445883 0.1875 0
1746886453024 0.19745 1
1746886459706 0.2268 2
1746886467316 0.23027 3
1746886474244 0.30692 4
1746886481948 0.76133 5
1746886488561 0.76675 6
1746886496771 0.76658 7
1746886503292 0.76658 8
1746886510572 0.6931 9
1746886518475 0.69375 10
1746886525610 0.69375 11
1746886534270 0.73103 12
1746886542477 0.87411 13
1746886549543 0.87411 14
1746886557687 0.97853 15
1746886565985 0.99 16
1746886573080 0.995 17
1746886581671 0.995 18
1746886590411 0.995 19
1746886599289 0.97857 20
1746886607413 0.97857 21
1746886618674 0.96797 22
1746886633198 0.97951 23
1746886641403 0.97951 24
1746886651686 0.98188 25
1746886662800 0.98567 26
1746886673738 0.98567 27
1746886687483 0.98567 28
1746886699827 0.98567 29
1746886711279 0.9856666666666667 29
