1746886445883 0.008 0
1746886453024 0.008 1
1746886459706 0.00867 2
1746886467316 0.008 3
1746886474244 0.00867 4
1746886481948 0.008 5
1746886488561 1.0 6
1746886496771 1.0 7
1746886503292 1.0 8
1746886510572 0.9464 9
1746886518475 0.74683 10
1746886525610 0.74683 11
1746886534270 0.86552 12
1746886542477 0.99039 13
1746886549543 0.99039 14
1746886557687 0.98726 15
1746886565985 0.9859 16
1746886573080 1.0 17
1746886581671 1.0 18
1746886590411 1.0 19
1746886599289 0.90546 20
1746886607413 0.90546 21
1746886618674 0.85818 22
1746886633198 0.89516 23
1746886641403 0.89516 24
1746886651686 0.98658 25
1746886662800 0.98528 26
1746886673738 0.98528 27
1746886687483 0.98159 28
1746886699827 0.9764 29
1746886711279 0.9856852633849382 29
