1746886445883 0.92308 0
1746886453024 0.92308 1
1746886459706 1.0 2
1746886467316 0.92308 3
1746886474244 1.0 4
1746886481948 0.92308 5
1746886488561 0.59388 6
1746886496771 0.73986 7
1746886503292 0.73986 8
1746886510572 0.61538 9
1746886518475 0.69231 10
1746886525610 0.69231 11
1746886534270 0.69231 12
1746886542477 0.76923 13
1746886549543 0.76923 14
1746886557687 0.92308 15
1746886565985 0.92308 16
1746886573080 0.99163 17
1746886581671 0.99163 18
1746886590411 0.97975 19
1746886599289 1.0 20
1746886607413 1.0 21
1746886618674 0.92308 22
1746886633198 0.92308 23
1746886641403 0.92308 24
1746886651686 0.92308 25
1746886662800 0.92308 26
1746886673738 0.92308 27
1746886687483 0.92308 28
1746886699827 0.92308 29
1746886711279 0.9230769230769231 29
