1746891498192 0.1875 0
1746891502173 0.19745 1
1746891508096 0.22253 2
1746891514432 0.23627 3
1746891524216 0.29536 4
1746891530057 0.459 5
1746891535833 0.73379 6
1746891542741 0.587 7
1746891552947 0.66762 8
1746891559557 0.18187 9
1746891569165 0.50669 10
1746891576477 0.8227 11
1746891587319 0.26365 12
1746891594070 0.54261 13
1746891600975 0.82793 14
1746891607990 0.29565 15
1746891614499 0.52196 16
1746891621301 0.30965 17
1746891628161 0.53895 18
1746891634981 0.30965 19
1746891642091 0.30965 20
1746891653373 0.53878 21
1746891660396 0.30965 22
1746891667874 0.30965 23
1746891675658 0.53012 24
1746891683136 0.30965 25
1746891689894 0.30965 26
1746891696370 0.53895 27
1746891703927 0.53975 28
1746891710735 0.30965 29
1746891718341 0.8280474030683403 29
