1746891498192 0.09048 0
1746891502173 0.09615 1
1746891508096 0.10685 2
1746891514432 0.14911 3
1746891524216 0.20126 4
1746891530057 0.31179 5
1746891535833 0.46773 6
1746891542741 0.23888 7
1746891552947 0.31557 8
1746891559557 0.09711 9
1746891569165 0.29144 10
1746891576477 0.52443 11
1746891587319 0.16848 12
1746891594070 0.33906 13
1746891600975 0.52465 14
1746891607990 0.15983 15
1746891614499 0.36397 16
1746891621301 0.1485 17
1746891628161 0.30359 18
1746891634981 0.1842 19
1746891642091 0.21447 20
1746891653373 0.37443 21
1746891660396 0.17591 22
1746891667874 0.19662 23
1746891675658 0.35367 24
1746891683136 0.21402 25
1746891689894 0.20637 26
1746891696370 0.36187 27
1746891703927 0.36246 28
1746891710735 0.20637 29
1746891718341 0.5254447447482143 29
