1746891498192 0.008 0
1746891502173 0.008 1
1746891508096 0.00867 2
1746891514432 0.00867 3
1746891524216 0.00867 4
1746891530057 0.008 5
1746891535833 1.0 6
1746891542741 0.92744 7
1746891552947 0.94068 8
1746891559557 0.30966 9
1746891569165 0.82336 10
1746891576477 0.88456 11
1746891587319 0.76837 12
1746891594070 1.0 13
1746891600975 0.9744 14
1746891607990 0.79358 15
1746891614499 0.86309 16
1746891621301 1.0 17
1746891628161 0.96452 18
1746891634981 1.0 19
1746891642091 1.0 20
1746891653373 0.94657 21
1746891660396 1.0 22
1746891667874 0.96686 23
1746891675658 0.76803 24
1746891683136 0.9683 25
1746891689894 0.9729 26
1746891696370 1.0 27
1746891703927 1.0 28
1746891710735 0.97867 29
1746891718341 0.9753338738982191 29
