1746891498192 0.92308 0
1746891502173 0.92308 1
1746891508096 1.0 2
1746891514432 1.0 3
1746891524216 1.0 4
1746891530057 0.92308 5
1746891535833 0.31862 6
1746891542741 0.46154 7
1746891552947 0.53846 8
1746891559557 0.07692 9
1746891569165 0.36159 10
1746891576477 0.59144 11
1746891587319 0.25903 12
1746891594070 0.5222 13
1746891600975 0.76923 14
1746891607990 0.30769 15
1746891614499 0.53846 16
1746891621301 0.3043 17
1746891628161 0.53846 18
1746891634981 0.30353 19
1746891642091 0.30607 20
1746891653373 0.53846 21
1746891660396 0.30769 22
1746891667874 0.30769 23
1746891675658 0.53846 24
1746891683136 0.30769 25
1746891689894 0.30769 26
1746891696370 0.52853 27
1746891703927 0.52866 28
1746891710735 0.30769 29
1746891718341 0.7692307692307693 29
