1746897931527 1.61648 0
1746897935370 1.2801 1
1746897944611 1.22431 2
1746897948241 1.23607 3
1746897955421 1.06063 4
1746897968266 1.1578 5
1746897974956 1.08353 6
1746897993517 1.03708 7
1746898011249 1.13597 8
1746898029032 1.03267 9
1746898037153 1.2561 10
1746898062870 1.14744 11
1746898070542 1.00822 12
1746898091125 1.3311 13
1746898212129 0.99481 14
1746898220247 0.8452 15
1746898253087 1.06166 16
1746898278810 0.92956 17
1746898286952 0.99174 18
1746898290467 0.96018 19
1746898321953 0.91553 20
1746898356878 0.82465 21
1746898393765 0.77735 22
1746898397247 0.86204 23
1746898421572 0.82587 24
1746898457800 0.79092 25
1746898486285 0.84337 26
1746898493269 0.77345 27
1746898532212 0.80955 28
1746898572478 0.76001 29
