1746897931527 4.26888 0
1746897935370 3.6645 1
1746897944611 3.54928 2
1746897948241 3.38212 3
1746897955421 2.92034 4
1746897968266 2.52349 5
1746897974956 2.17936 6
1746897993517 1.75045 7
1746898011249 1.62768 8
1746898029032 1.92194 9
1746898037153 1.70991 10
1746898062870 1.49476 11
1746898070542 1.35436 12
1746898091125 1.667 13
1746898212129 1.42925 14
1746898220247 1.27968 15
1746898253087 1.48591 16
1746898278810 1.30626 17
1746898286952 1.46446 18
1746898290467 1.47554 19
1746898321953 1.30724 20
1746898356878 1.24823 21
1746898393765 1.27308 22
1746898397247 1.18141 23
1746898421572 1.4184 24
1746898457800 1.21829 25
1746898486285 1.39327 26
1746898493269 1.14751 27
1746898532212 1.19226 28
1746898572478 1.13967 29
