1746897931527 1.34891 0
1746897935370 1.15426 1
1746897944611 1.13775 2
1746897948241 1.08555 3
1746897955421 1.01167 4
1746897968266 1.05542 5
1746897974956 1.06784 6
1746897993517 1.03098 7
1746898011249 0.98652 8
1746898029032 0.99567 9
1746898037153 1.09097 10
1746898062870 1.01409 11
1746898070542 0.97773 12
1746898091125 1.14599 13
1746898212129 0.97648 14
1746898220247 0.95613 15
1746898253087 0.9749 16
1746898278810 0.97338 17
1746898286952 0.99911 18
1746898290467 0.96571 19
1746898321953 0.97443 20
1746898356878 0.98072 21
1746898393765 0.89506 22
1746898397247 0.92683 23
1746898421572 0.9107 24
1746898457800 0.92534 25
1746898486285 0.97267 26
1746898493269 0.92567 27
1746898532212 0.91283 28
1746898572478 0.91771 29
