1746943265933 4e-05 0
1746943270692 9.802e-05 1
1746943274886 0.000153664 2
1746943278756 0.00020693199999999998 3
1746943282786 0.00025782400000000003 4
1746943288653 0.00030634 5
1746943292435 0.00035247999999999996 6
1746943296012 0.000396244 7
1746943299882 0.00043763200000000003 8
1746943303453 0.0004766440000000001 9
1746943307466 0.0005132800000000001 10
1746943311112 0.00054754 11
1746943314796 0.000579424 12
1746943321999 0.0006089320000000001 13
1746943325994 0.000636064 14
1746943329585 0.00066082 15
1746943333195 0.0006831999999999999 16
1746943336847 0.0007032039999999998 17
1746943340484 0.000720832 18
1746943348893 0.000736084 19
1746943352415 0.0007489600000000001 20
1746943359527 0.0007594600000000001 21
1746943363227 0.0007675840000000001 22
1746943366806 0.0007733320000000002 23
1746943370636 0.000776704 24
1746943374202 0.0007777 25
1746943378630 0.0007763199999999999 26
1746943382598 0.000772564 27
1746943386261 0.0007664319999999998 28
1746943389704 0.0007579240000000001 29
1746943393551 0.0007470400000000001 30
1746943397086 0.0007337800000000001 31
1746943401287 0.000718144 32
1746943407898 0.0006931999999999999 33
1746943416672 0.0006536 34
1746943422515 0.0006140000000000001 35
1746943434676 0.0005744000000000001 36
1746943438879 0.0005348000000000001 37
1746943443701 0.0004952 38
1746943447767 0.00045559999999999996 39
1746943453722 0.0004159999999999999 40
1746943457282 0.00037640000000000015 41
1746943465577 0.0003368000000000001 42
1746943471679 0.0002972 43
1746943475253 0.00025760000000000003 44
1746943483167 0.00021799999999999996 45
1746943487130 0.00017839999999999992 46
1746943493996 0.0001388000000000001 47
1746943501342 9.920000000000008e-05 48
1746943505038 5.9600000000000046e-05 49
