1746888133646 1.78719 0
1746888146357 1.34216 1
1746888156329 1.36771 2
1746888165200 1.26882 3
1746888174755 1.32499 4
1746888184733 1.17948 5
1746888195375 1.4609 6
1746888205731 1.24862 7
1746888215719 1.33379 8
1746888225561 1.07381 9
1746888238177 1.1631 10
1746888248883 1.26495 11
1746888260921 1.19516 12
1746888272113 1.1605 13
1746888290780 1.05074 14
1746888306907 1.1732 15
1746888339636 1.18082 16
1746888367513 1.10429 17
1746888387581 0.9649 18
1746888407767 1.20372 19
1746888423785 0.90566 20
1746888440193 0.89609 21
1746888455685 0.87351 22
1746888479297 0.93807 23
1746888495740 0.8816 24
1746888512080 0.86194 25
1746888533015 0.87131 26
1746888549125 0.88704 27
1746888567905 0.865 28
1746888590109 0.84548 29
