1746888133646 4.34931 0
1746888146357 4.33999 1
1746888156329 3.95992 2
1746888165200 3.71251 3
1746888174755 4.64737 4
1746888184733 3.92517 5
1746888195375 2.92117 6
1746888205731 3.99318 7
1746888215719 2.84709 8
1746888225561 3.72383 9
1746888238177 2.9637 10
1746888248883 2.64983 11
1746888260921 1.97313 12
1746888272113 2.26113 13
1746888290780 2.27381 14
1746888306907 2.33238 15
1746888339636 2.65107 16
1746888367513 1.90948 17
1746888387581 2.36871 18
1746888407767 2.02203 19
1746888423785 2.14204 20
1746888440193 2.19585 21
1746888455685 2.25602 22
1746888479297 1.65558 23
1746888495740 1.91833 24
1746888512080 1.7777 25
1746888533015 1.75716 26
1746888549125 2.02374 27
1746888567905 1.8465 28
1746888590109 1.59964 29
