1746888133646 1.36262 0
1746888146357 1.19394 1
1746888156329 1.16379 2
1746888165200 1.0777 3
1746888174755 1.07044 4
1746888184733 1.00314 5
1746888195375 1.1776 6
1746888205731 1.05282 7
1746888215719 1.08559 8
1746888225561 0.91172 9
1746888238177 1.04771 10
1746888248883 1.0719 11
1746888260921 1.03949 12
1746888272113 1.09238 13
1746888290780 0.99219 14
1746888306907 1.07603 15
1746888339636 1.05504 16
1746888367513 1.04543 17
1746888387581 1.01763 18
1746888407767 1.12933 19
1746888423785 0.93423 20
1746888440193 0.91982 21
1746888455685 0.87617 22
1746888479297 0.98029 23
1746888495740 0.94249 24
1746888512080 0.94356 25
1746888533015 0.94283 26
1746888549125 0.95593 27
1746888567905 0.95333 28
1746888590109 0.92239 29
