1746889440211 0.0811 0
1746889447306 0.0611581 1
1746889454934 0.041071 2
1746889462447 0.0208387 3
1746889471807 0.00868 4
1746889480180 0.008350000000000002 5
1746889488670 0.008020000000000001 6
1746889498879 0.007689999999999999 7
1746889508753 0.007360000000000001 8
1746889516804 0.00703 9
1746889525983 0.0067 10
1746889534316 0.006370000000000001 11
1746889541939 0.00604 12
1746889550799 0.00571 13
1746889561758 0.00538 14
1746889568257 0.00505 15
1746889578032 0.00472 16
1746889589761 0.00439 17
1746889595145 0.00406 18
1746889604440 0.0037300000000000007 19
1746889617348 0.0034000000000000002 20
1746889624885 0.0030700000000000007 21
1746889633847 0.0027400000000000007 22
1746889644216 0.00241 23
1746889651849 0.00208 24
1746889656978 0.0017499999999999996 25
1746889665922 0.0014199999999999998 26
1746889672372 0.0010899999999999998 27
1746889677374 0.0007599999999999998 28
1746889684696 0.00043 29
