1746892277303 0.0955 0
1746892353543 0.09006370000000001 1
1746892468908 0.0845878 2
1746892627708 0.0790723 3
1746892688035 0.0735172 4
1746892744585 0.0679225 5
1746892829607 0.0622882 6
1746892921443 0.056614300000000006 7
1746892996721 0.05090080000000001 8
1746893021556 0.0451477 9
1746893086468 0.039354999999999994 10
1746893235157 0.0335227 11
1746893317097 0.0276508 12
1746893381865 0.021739299999999996 13
1746893438792 0.015788199999999995 14
1746893487917 0.009797500000000002 15
1746893535534 0.00472 16
1746893585518 0.00439 17
1746893628815 0.00406 18
1746893701181 0.0037300000000000007 19
1746893759398 0.0034000000000000002 20
1746893806174 0.0030700000000000007 21
1746893853635 0.0027400000000000007 22
1746893900074 0.00241 23
1746893939114 0.00208 24
1746893993700 0.0017499999999999996 25
1746894049082 0.0014199999999999998 26
1746894099553 0.0010899999999999998 27
1746894156224 0.0007599999999999998 28
1746894201586 0.00043 29
