1746886443259 0.09100000000000001 0
1746886451987 0.0810307 1
1746886459156 0.0709888 2
1746886466721 0.060874300000000006 3
1746886473652 0.0506872 4
1746886480895 0.0404275 5
1746886487395 0.030095200000000003 6
1746886495514 0.0196903 7
1746886502780 0.009212800000000009 8
1746886509366 0.00703 9
1746886517245 0.0067 10
1746886525047 0.006370000000000001 11
1746886532984 0.00604 12
1746886541174 0.00571 13
1746886548997 0.00538 14
1746886556421 0.00505 15
1746886564686 0.00472 16
1746886571362 0.00439 17
1746886581119 0.00406 18
1746886588400 0.0037300000000000007 19
1746886597731 0.0034000000000000002 20
1746886606803 0.0030700000000000007 21
1746886616850 0.0027400000000000007 22
1746886631072 0.00241 23
1746886640775 0.00208 24
1746886649751 0.0017499999999999996 25
1746886660206 0.0014199999999999998 26
1746886673013 0.0010899999999999998 27
1746886684431 0.0007599999999999998 28
1746886697662 0.00043 29
