1746898674007 0.07907 0
1746898682561 0.08646 1
1746898691251 0.08168 2
1746898697766 0.01886 3
1746898704877 0.07972 4
1746898709250 0.32547 5
1746898717268 0.20163 6
1746898723826 0.19474 7
1746898730784 0.41843 8
1746898738608 0.1519 9
1746898776467 0.20959 10
1746898816995 0.20959 11
1746898852891 0.22653 12
1746898890407 0.19105 13
1746898909444 0.60599 14
1746898913548 0.68246 15
1746898954466 0.41966 16
1746898990560 0.42047 17
1746899025313 0.46195 18
1746899033576 0.64332 19
1746899078537 0.58418 20
1746899115656 0.19409 21
1746899181160 0.35355 22
1746899215686 0.22287 23
1746899258027 0.47406 24
1746899361766 0.44637 25
1746899393245 0.50882 26
1746899410301 0.2561 27
1746899446891 0.23262 28
1746899493401 0.44336 29
1746899501890 0.59983 30
1746899524123 0.45945 31
1746899549862 0.2223 32
1746899557520 0.1968 33
1746899583186 0.36073 34
1746899616006 0.21245 35
1746899624216 0.21862 36
1746899690274 0.21097 37
1746899727890 0.45029 38
1746899768129 0.45344 39
1746899811548 0.41605 40
1746899819827 0.2309 41
1746899852660 0.43535 42
1746899892966 0.4237 43
1746899980249 0.22882 44
1746900013871 0.43358 45
1746900044422 0.48655 46
1746900052883 0.24355 47
1746900070747 0.44847 48
1746900087900 0.4433 49
1746900092419 0.24066564111111108 49
