1746898674007 0.1648 0
1746898682561 0.18142 1
1746898691251 0.15308 2
1746898697766 0.03486 3
1746898704877 0.10675 4
1746898709250 0.53553 5
1746898717268 0.28632 6
1746898723826 0.30965 7
1746898730784 0.68051 8
1746898738608 0.22511 9
1746898776467 0.29565 10
1746898816995 0.29565 11
1746898852891 0.27076 12
1746898890407 0.26365 13
1746898909444 0.89536 14
1746898913548 0.99 15
1746898954466 0.57535 16
1746898990560 0.57666 17
1746899025313 0.65651 18
1746899033576 0.96253 19
1746899078537 0.85447 20
1746899115656 0.29565 21
1746899181160 0.57805 22
1746899215686 0.30965 23
1746899258027 0.60157 24
1746899361766 0.61757 25
1746899393245 0.69651 26
1746899410301 0.30965 27
1746899446891 0.29565 28
1746899493401 0.69651 29
1746899501890 0.91306 30
1746899524123 0.69651 31
1746899549862 0.30965 32
1746899557520 0.30965 33
1746899583186 0.60868 34
1746899616006 0.30965 35
1746899624216 0.30965 36
1746899690274 0.30965 37
1746899727890 0.69651 38
1746899768129 0.69651 39
1746899811548 0.61757 40
1746899819827 0.30965 41
1746899852660 0.61757 42
1746899892966 0.61757 43
1746899980249 0.30965 44
1746900013871 0.61757 45
1746900044422 0.69651 46
1746900052883 0.30965 47
1746900070747 0.61757 48
1746900087900 0.61757 49
1746900092419 0.3096511111111111 49
