1746898674007 0.008 0
1746898682561 0.008 1
1746898691251 0.00917 2
1746898697766 0.01167 3
1746898704877 0.01333 4
1746898709250 0.00867 5
1746898717268 0.01333 6
1746898723826 0.01333 7
1746898730784 0.98143 8
1746898738608 0.01333 9
1746898776467 0.01333 10
1746898816995 0.01333 11
1746898852891 1.0 12
1746898890407 0.55869 13
1746898909444 1.0 14
1746898913548 1.0 15
1746898954466 1.0 16
1746898990560 0.96492 17
1746899025313 0.97304 18
1746899033576 1.0 19
1746899078537 0.96701 20
1746899115656 0.84119 21
1746899181160 0.91877 22
1746899215686 1.0 23
1746899258027 0.92068 24
1746899361766 1.0 25
1746899393245 1.0 26
1746899410301 0.95442 27
1746899446891 0.76768 28
1746899493401 1.0 29
1746899501890 0.92181 30
1746899524123 1.0 31
1746899549862 1.0 32
1746899557520 1.0 33
1746899583186 0.88055 34
1746899616006 1.0 35
1746899624216 1.0 36
1746899690274 0.99797 37
1746899727890 1.0 38
1746899768129 1.0 39
1746899811548 1.0 40
1746899819827 0.99809 41
1746899852660 1.0 42
1746899892966 1.0 43
1746899980249 0.99068 44
1746900013871 0.99205 45
1746900044422 0.99406 46
1746900052883 0.98803 47
1746900070747 0.9883 48
1746900087900 0.98471 49
1746900092419 1.0 49
