1746898674007 0.92308 0
1746898682561 0.92308 1
1746898691251 0.84615 2
1746898697766 0.53846 3
1746898704877 0.30769 4
1746898709250 1.0 5
1746898717268 0.30769 6
1746898723826 0.30769 7
1746898730784 0.53846 8
1746898738608 0.30769 9
1746898776467 0.30769 10
1746898816995 0.30769 11
1746898852891 0.14763 12
1746898890407 0.07692 13
1746898909444 0.52396 14
1746898913548 0.89258 15
1746898954466 0.36702 16
1746898990560 0.46154 17
1746899025313 0.53846 18
1746899033576 0.76885 19
1746899078537 0.76923 20
1746899115656 0.23077 21
1746899181160 0.46154 22
1746899215686 0.28788 23
1746899258027 0.53846 24
1746899361766 0.60379 25
1746899393245 0.68041 26
1746899410301 0.30769 27
1746899446891 0.30769 28
1746899493401 0.67943 29
1746899501890 0.90786 30
1746899524123 0.67888 31
1746899549862 0.30659 32
1746899557520 0.30616 33
1746899583186 0.61538 34
1746899616006 0.30564 35
1746899624216 0.30687 36
1746899690274 0.30769 37
1746899727890 0.6895 38
1746899768129 0.69031 39
1746899811548 0.61352 40
1746899819827 0.30769 41
1746899852660 0.61418 42
1746899892966 0.61534 43
1746899980249 0.30769 44
1746900013871 0.61538 45
1746900044422 0.69231 46
1746900052883 0.30769 47
1746900070747 0.61538 48
1746900087900 0.61538 49
1746900092419 0.25836256452083617 49
