1746956229123 0.0001 0
1746956237989 0.000215644 1
1746956245640 0.000326536 2
1746956254447 0.00043267599999999995 3
1746956264278 0.000534064 4
1746956275343 0.0006307 5
1746956284823 0.000722584 6
1746956293921 0.000809716 7
1746956303738 0.000892096 8
1746956312809 0.0009697240000000002 9
1746956324125 0.0010426 10
1746956333460 0.001110724 11
1746956346031 0.0011740960000000001 12
1746956356119 0.001232716 13
1746956366100 0.0012865840000000001 14
1746956372982 0.0013357 15
1746956384047 0.0013663999999999998 16
1746956396977 0.0013267999999999997 17
1746956408611 0.0012872 18
1746956415525 0.0012476 19
1746956426029 0.001208 20
1746956437093 0.0011684000000000002 21
1746956447188 0.0011288000000000001 22
1746956453896 0.0010892000000000002 23
1746956465241 0.0010496000000000001 24
1746956474467 0.00101 25
1746956485232 0.0009704 26
1746956493052 0.0009308 27
1746956504464 0.0008911999999999999 28
1746956516603 0.0008516000000000001 29
1746956528329 0.0008120000000000001 30
1746956535361 0.0007724 31
1746956546100 0.0007328 32
1746956556359 0.0006931999999999999 33
1746956566172 0.0006536 34
1746956573015 0.0006140000000000001 35
1746956582599 0.0005744000000000001 36
1746956591845 0.0005348000000000001 37
1746956600734 0.0004952 38
1746956607612 0.00045559999999999996 39
1746956619309 0.0004159999999999999 40
1746956632488 0.00037640000000000015 41
1746956645107 0.0003368000000000001 42
1746956654260 0.0002972 43
1746956665998 0.00025760000000000003 44
1746956676933 0.00021799999999999996 45
1746956688055 0.00017839999999999992 46
1746956697841 0.0001388000000000001 47
1746956709029 9.920000000000008e-05 48
1746956719002 5.9600000000000046e-05 49
