1746901620899 0.0811 0
1746901816633 0.0611581 1
1746901828770 0.041071 2
1746901837703 0.0208387 3
1746901850242 0.00868 4
1746901867126 0.008350000000000002 5
1746901893407 0.008020000000000001 6
1746901950019 0.007689999999999999 7
1746902026239 0.007360000000000001 8
1746902097379 0.00703 9
1746902417414 0.0067 10
1746902870659 0.006370000000000001 11
1746902883361 0.00604 12
1746903596560 0.00571 13
1746903705955 0.00538 14
1746904000739 0.00505 15
1746904401033 0.00472 16
1746904746902 0.00439 17
1746904784407 0.00406 18
1746904839431 0.0037300000000000007 19
1746904942023 0.0034000000000000002 20
1746905154872 0.0030700000000000007 21
1746905266077 0.0027400000000000007 22
1746905382304 0.00241 23
1746905495766 0.00208 24
1746905543152 0.0017499999999999996 25
1746905673056 0.0014199999999999998 26
1746906231068 0.0010899999999999998 27
1746906315262 0.0007599999999999998 28
1746906814005 0.00043 29
