1746891497662 0.09100000000000001 0
1746891501705 0.0810307 1
1746891505621 0.0709888 2
1746891512069 0.060874300000000006 3
1746891521958 0.0506872 4
1746891527813 0.0404275 5
1746891533584 0.030095200000000003 6
1746891539428 0.0196903 7
1746891546236 0.009212800000000009 8
1746891556496 0.00703 9
1746891565823 0.0067 10
1746891572730 0.006370000000000001 11
1746891583962 0.00604 12
1746891590963 0.00571 13
1746891597612 0.00538 14
1746891604645 0.00505 15
1746891611626 0.00472 16
1746891618039 0.00439 17
1746891624842 0.00406 18
1746891631739 0.0037300000000000007 19
1746891638617 0.0034000000000000002 20
1746891645742 0.0030700000000000007 21
1746891656955 0.0027400000000000007 22
1746891664013 0.00241 23
1746891672129 0.00208 24
1746891679195 0.0017499999999999996 25
1746891686927 0.0014199999999999998 26
1746891693386 0.0010899999999999998 27
1746891700308 0.0007599999999999998 28
1746891707939 0.00043 29
