1746939827099 0.14581 0
1746939830828 0.35912 1
1746939835338 0.25294 2
1746939839781 0.23944 3
1746939844205 0.30928 4
1746939848729 0.29846 5
1746939852534 0.29856 6
1746939856031 0.2236 7
1746939859502 0.23829 8
1746939863347 0.43471 9
1746939867197 0.55768 10
1746939872485 0.51281 11
1746939877050 0.40213 12
1746939882564 0.43761 13
1746939886189 0.43761 14
1746939891554 0.57073 15
1746939895931 0.58334 16
1746939899648 0.50323 17
1746939902949 0.50323 18
1746939908459 0.49886 19
1746939912535 0.4272 20
1746939916151 0.47618 21
1746939919776 0.47618 22
1746939923453 0.5133 23
1746939929441 0.37254 24
1746939935635 0.51272 25
1746939941889 0.64326 26
1746939948740 0.48211 27
1746939954990 0.41075 28
1746939961103 0.42958 29
1746939968512 0.49475 30
1746939989433 0.67098 31
1746939997084 0.44248 32
1746940003674 0.44171 33
1746940010640 0.58945 34
1746940018135 0.72031 35
1746940025082 0.4325 36
1746940031469 0.65083 37
1746940036835 0.72999 38
1746940043260 0.4283 39
1746940050383 0.65077 40
1746940056692 0.32646 41
1746940062007 0.64867 42
1746940068095 0.62418 43
1746940074799 0.65758 44
1746940080961 0.6674 45
1746940084899 0.6674 46
1746940091075 0.35594 47
1746940097508 0.36085 48
1746940103891 0.33933 49
1746940112603 0.65793 50
1746940118953 0.33773 51
1746940125209 0.32726 52
1746940131648 0.38686 53
1746940138084 0.63957 54
1746940144362 0.39835 55
1746940150838 0.36276 56
1746940160553 0.37424 57
1746940167326 0.60643 58
1746940175850 0.43281 59
1746940183022 0.61399 60
1746940189617 0.59624 61
1746940193625 0.66803 62
1746940199815 0.36553 63
1746940209301 0.43282 64
1746940219967 0.6427 65
1746940224177 0.71498 66
1746940230131 0.42816 67
1746940236761 0.41758 68
1746940244993 0.77052 69
1746940248999 0.77052 70
1746940259736 0.67501 71
1746940265401 0.72811 72
1746940273423 0.41206 73
1746940279685 0.72952 74
1746940286475 0.40559 75
1746940292101 0.72004 76
1746940300861 0.45738 77
1746940306160 0.71237 78
1746940312617 0.71421 79
1746940318451 0.70496 80
1746940324658 0.40811 81
1746940331042 0.64053 82
1746940337193 0.40604 83
1746940342717 0.72748 84
1746940349646 0.72528 85
1746940353473 0.72528 86
1746940360687 0.72016 87
1746940369533 0.66848 88
1746940378519 0.4723 89
1746940383593 0.73819 90
1746940388890 0.74593 91
1746940395163 0.47233 92
1746940401041 0.75562 93
1746940405756 0.75562 94
1746940412091 0.67459 95
1746940418150 0.46706 96
1746940424463 0.67486 97
1746940429722 0.75388 98
1746940435795 0.74943 99
1746940440556 0.5050575577080327 99
