1746939827099 0.25189 0
1746939830828 0.62938 1
1746939835338 0.43254 2
1746939839781 0.3783 3
1746939844205 0.44578 4
1746939848729 0.45464 5
1746939852534 0.54482 6
1746939856031 0.36067 7
1746939859502 0.37264 8
1746939863347 0.66566 9
1746939867197 0.81934 10
1746939872485 0.77675 11
1746939877050 0.73651 12
1746939882564 0.73146 13
1746939886189 0.73146 14
1746939891554 0.85207 15
1746939895931 0.79476 16
1746939899648 0.73332 17
1746939902949 0.73332 18
1746939908459 0.74706 19
1746939912535 0.71844 20
1746939916151 0.70811 21
1746939919776 0.70811 22
1746939923453 0.74843 23
1746939929441 0.52604 24
1746939935635 0.6442 25
1746939941889 0.94051 26
1746939948740 0.64531 27
1746939954990 0.55966 28
1746939961103 0.61757 29
1746939968512 0.69651 30
1746939989433 0.91002 31
1746939997084 0.56851 32
1746940003674 0.55407 33
1746940010640 0.8737 34
1746940018135 0.995 35
1746940025082 0.61757 36
1746940031469 0.92536 37
1746940036835 0.995 38
1746940043260 0.58215 39
1746940050383 0.87858 40
1746940056692 0.52396 41
1746940062007 0.92556 42
1746940068095 0.96636 43
1746940074799 0.98567 44
1746940080961 0.995 45
1746940084899 0.995 46
1746940091075 0.60868 47
1746940097508 0.58282 48
1746940103891 0.5909 49
1746940112603 0.96833 50
1746940118953 0.54929 51
1746940125209 0.54343 52
1746940131648 0.65562 53
1746940138084 0.96021 54
1746940144362 0.66301 55
1746940150838 0.60157 56
1746940160553 0.60157 57
1746940167326 0.91394 58
1746940175850 0.68051 59
1746940183022 0.90251 60
1746940189617 0.91394 61
1746940193625 0.98567 62
1746940199815 0.61757 63
1746940209301 0.69651 64
1746940219967 0.92536 65
1746940224177 0.995 66
1746940230131 0.61757 67
1746940236761 0.61757 68
1746940244993 0.995 69
1746940248999 0.995 70
1746940259736 0.91921 71
1746940265401 0.99 72
1746940273423 0.60868 73
1746940279685 0.99 74
1746940286475 0.60157 75
1746940292101 0.98188 76
1746940300861 0.68851 77
1746940306160 0.99 78
1746940312617 0.99 79
1746940318451 0.99 80
1746940324658 0.60868 81
1746940331042 0.91921 82
1746940337193 0.60157 83
1746940342717 0.98188 84
1746940349646 0.98188 85
1746940353473 0.98188 86
1746940360687 0.99 87
1746940369533 0.91921 88
1746940378519 0.69651 89
1746940383593 0.995 90
1746940388890 0.995 91
1746940395163 0.67651 92
1746940401041 0.97853 93
1746940405756 0.97853 94
1746940412091 0.89336 95
1746940418150 0.64998 96
1746940424463 0.8787 97
1746940429722 0.95525 98
1746940435795 0.95525 99
1746940440556 0.6965112500000001 99
