1746939827099 0.008 0
1746939830828 0.00733 1
1746939835338 0.01736 2
1746939839781 0.49809 3
1746939844205 0.008 4
1746939848729 0.77161 5
1746939852534 0.008 6
1746939856031 0.008 7
1746939859502 0.74087 8
1746939863347 0.85801 9
1746939867197 0.01342 10
1746939872485 1.0 11
1746939877050 0.72145 12
1746939882564 0.66943 13
1746939886189 0.66943 14
1746939891554 1.0 15
1746939895931 0.93234 16
1746939899648 0.79826 17
1746939902949 0.79826 18
1746939908459 0.79251 19
1746939912535 0.76532 20
1746939916151 0.7791 21
1746939919776 0.7791 22
1746939923453 0.7209 23
1746939929441 0.53504 24
1746939935635 1.0 25
1746939941889 0.91066 26
1746939948740 1.0 27
1746939954990 0.97307 28
1746939961103 1.0 29
1746939968512 1.0 30
1746939989433 0.80549 31
1746939997084 0.73647 32
1746940003674 0.7983 33
1746940010640 0.83464 34
1746940018135 0.98527 35
1746940025082 0.98711 36
1746940031469 0.98018 37
1746940036835 0.98159 38
1746940043260 0.8651 39
1746940050383 0.91603 40
1746940056692 1.0 41
1746940062007 1.0 42
1746940068095 0.97505 43
1746940074799 0.98113 44
1746940080961 1.0 45
1746940084899 1.0 46
1746940091075 0.96897 47
1746940097508 0.77997 48
1746940103891 0.83837 49
1746940112603 1.0 50
1746940118953 0.85295 51
1746940125209 0.83935 52
1746940131648 0.85298 53
1746940138084 1.0 54
1746940144362 0.86989 55
1746940150838 0.7814 56
1746940160553 1.0 57
1746940167326 1.0 58
1746940175850 0.89931 59
1746940183022 0.85637 60
1746940189617 1.0 61
1746940193625 1.0 62
1746940199815 1.0 63
1746940209301 0.99268 64
1746940219967 0.99778 65
1746940224177 0.9985 66
1746940230131 0.99503 67
1746940236761 1.0 68
1746940244993 1.0 69
1746940248999 1.0 70
1746940259736 0.99248 71
1746940265401 0.99526 72
1746940273423 0.99009 73
1746940279685 0.99697 74
1746940286475 0.99121 75
1746940292101 0.99807 76
1746940300861 0.99186 77
1746940306160 0.99644 78
1746940312617 0.99509 79
1746940318451 0.99447 80
1746940324658 0.9885 81
1746940331042 0.99415 82
1746940337193 0.98998 83
1746940342717 0.99716 84
1746940349646 0.99872 85
1746940353473 0.99872 86
1746940360687 0.99649 87
1746940369533 0.99582 88
1746940378519 1.0 89
1746940383593 1.0 90
1746940388890 1.0 91
1746940395163 0.99161 92
1746940401041 1.0 93
1746940405756 1.0 94
1746940412091 1.0 95
1746940418150 0.88657 96
1746940424463 0.99316 97
1746940429722 0.9942 98
1746940435795 0.99423 99
1746940440556 1.0 99
