1746939827099 0.92308 0
1746939830828 0.84615 1
1746939835338 0.92308 2
1746939839781 0.30769 3
1746939844205 0.92308 4
1746939848729 0.30769 5
1746939852534 0.92308 6
1746939856031 0.92308 7
1746939859502 0.22234 8
1746939863347 0.46526 9
1746939867197 0.84615 10
1746939872485 0.47969 11
1746939877050 0.53846 12
1746939882564 0.62369 13
1746939886189 0.62369 14
1746939891554 0.68326 15
1746939895931 0.69231 16
1746939899648 0.69231 17
1746939902949 0.69231 18
1746939908459 0.76923 19
1746939912535 0.75357 20
1746939916151 0.61538 21
1746939919776 0.61538 22
1746939923453 0.5974 23
1746939929441 0.61538 24
1746939935635 0.61378 25
1746939941889 0.92308 26
1746939948740 0.60795 27
1746939954990 0.46154 28
1746939961103 0.60891 29
1746939968512 0.68198 30
1746939989433 1.0 31
1746939997084 0.69231 32
1746940003674 0.6095 33
1746940010640 0.84615 34
1746940018135 1.0 35
1746940025082 0.61538 36
1746940031469 0.92308 37
1746940036835 1.0 38
1746940043260 0.53846 39
1746940050383 0.83966 40
1746940056692 0.38373 41
1746940062007 0.76163 42
1746940068095 0.92308 43
1746940074799 0.92308 44
1746940080961 0.98654 45
1746940084899 0.98654 46
1746940091075 0.53846 47
1746940097508 0.61538 48
1746940103891 0.53846 49
1746940112603 0.85758 50
1746940118953 0.53846 51
1746940125209 0.53846 52
1746940131648 0.61538 53
1746940138084 0.83844 54
1746940144362 0.61538 55
1746940150838 0.61538 56
1746940160553 0.52736 57
1746940167326 0.83227 58
1746940175850 0.68754 59
1746940183022 0.91763 60
1746940189617 0.83901 61
1746940193625 0.91517 62
1746940199815 0.61269 63
1746940209301 0.69231 64
1746940219967 0.92308 65
1746940224177 1.0 66
1746940230131 0.61538 67
1746940236761 0.6123 68
1746940244993 0.98969 69
1746940248999 0.98969 70
1746940259736 0.84615 71
1746940265401 0.92308 72
1746940273423 0.53846 73
1746940279685 0.92308 74
1746940286475 0.53846 75
1746940292101 0.92308 76
1746940300861 0.61538 77
1746940306160 0.92308 78
1746940312617 0.92308 79
1746940318451 0.92308 80
1746940324658 0.53846 81
1746940331042 0.84615 82
1746940337193 0.53846 83
1746940342717 0.92308 84
1746940349646 0.92308 85
1746940353473 0.92308 86
1746940360687 0.92308 87
1746940369533 0.84615 88
1746940378519 0.68165 89
1746940383593 0.98934 90
1746940388890 0.98965 91
1746940395163 0.61538 92
1746940401041 0.92013 93
1746940405756 0.92013 94
1746940412091 0.83793 95
1746940418150 0.61538 96
1746940424463 0.76923 97
1746940429722 0.84615 98
1746940435795 0.84615 99
1746940440556 0.6825021878080566 99
