1746887578245 0.0021000000000000003 0
1746887590188 0.0041581 1
1746887600891 0.006071000000000001 2
1746887608664 0.0078387 3
1746887617263 0.00868 4
1746887626906 0.008350000000000002 5
1746887636193 0.008020000000000001 6
1746887645380 0.007689999999999999 7
1746887655994 0.007360000000000001 8
1746887665092 0.00703 9
1746887676989 0.0067 10
1746887686736 0.006370000000000001 11
1746887696693 0.00604 12
1746887706284 0.00571 13
1746887719396 0.00538 14
1746887728292 0.00505 15
1746887742632 0.00472 16
1746887755450 0.00439 17
1746887764293 0.00406 18
1746887774460 0.0037300000000000007 19
1746887786324 0.0034000000000000002 20
1746887795249 0.0030700000000000007 21
1746887805544 0.0027400000000000007 22
1746887818374 0.00241 23
1746887832866 0.00208 24
1746887842368 0.0017499999999999996 25
1746887856612 0.0014199999999999998 26
1746887871481 0.0010899999999999998 27
1746887886503 0.0007599999999999998 28
1746887900706 0.00043 29
