1746953701526 1.58778 0
1746953705961 1.31193 1
1746953712659 1.18478 2
1746953718534 1.30899 3
1746953725360 1.1547 4
1746953730248 1.16444 5
1746953735236 1.2102 6
1746953739461 1.08681 7
1746953743700 1.10294 8
1746953747918 0.93475 9
1746953753077 1.13418 10
1746953758058 1.09305 11
1746953762436 1.10714 12
1746953766465 1.18149 13
1746953770777 1.0493 14
1746953774868 1.03611 15
1746953779396 1.06648 16
1746953783641 1.02431 17
1746953787236 1.10925 18
1746953791281 1.06758 19
1746953795064 1.0132 20
1746953799596 1.11041 21
1746953803168 1.01065 22
1746953806771 1.02704 23
1746953810587 1.09136 24
1746953815384 1.11031 25
1746953819435 1.121 26
1746953825007 1.03069 27
1746953830401 1.01771 28
1746953834308 1.11671 29
1746953839106 1.02705 30
1746953844468 1.10059 31
1746953850159 1.02485 32
1746953854281 1.04953 33
1746953859613 1.03783 34
1746953866090 1.02068 35
1746953874328 1.10637 36
1746953878171 0.96879 37
1746953884016 1.01286 38
1746953891035 0.91358 39
1746953899056 1.10104 40
1746953904987 0.86893 41
1746953913055 0.91863 42
1746953919010 0.96996 43
1746953924581 0.90502 44
1746953928234 1.03523 45
1746953934085 0.9538 46
1746953941013 1.12344 47
1746953947208 0.84865 48
1746953951091 0.95024 49
1746953957563 0.79534 50
1746953963689 0.87082 51
1746953969491 0.89365 52
1746953974599 0.94161 53
1746953981914 0.92282 54
1746953988556 0.90161 55
1746953994098 0.97295 56
1746953997766 0.91053 57
1746954003539 0.82922 58
1746954011049 0.84915 59
1746954018319 0.78692 60
1746954026435 0.84557 61
1746954032582 0.84245 62
1746954037847 0.86831 63
1746954047364 0.846 64
1746954053324 0.87703 65
1746954059931 0.81671 66
1746954066754 0.82652 67
1746954072756 0.83638 68
1746954079660 0.81985 69
1746954090087 0.90167 70
1746954095872 0.85475 71
1746954101823 0.75849 72
1746954105476 0.74109 73
1746954111715 0.73815 74
1746954118374 0.81747 75
1746954126993 0.78746 76
1746954132781 0.7652 77
1746954139569 0.77446 78
1746954146661 0.78562 79
1746954152151 0.79078 80
1746954155822 0.68662 81
1746954162171 0.70207 82
1746954168424 0.69229 83
1746954175371 0.70931 84
1746954181678 0.75749 85
1746954188600 0.75677 86
1746954198231 0.76386 87
1746954205074 0.8269 88
1746954209609 0.75486 89
1746954216400 0.64468 90
1746954222518 0.63023 91
1746954228715 0.64659 92
1746954232163 0.64584 93
1746954238360 0.65971 94
1746954243892 0.65922 95
1746954253344 0.67431 96
1746954257642 0.62877 97
1746954264285 0.63791 98
1746954270490 0.6221 99
