1746953701526 3.84957 0
1746953705961 3.48621 1
1746953712659 2.97694 2
1746953718534 2.17202 3
1746953725360 1.76863 4
1746953730248 1.55526 5
1746953735236 1.92491 6
1746953739461 1.85991 7
1746953743700 1.67682 8
1746953747918 1.7518 9
1746953753077 1.40587 10
1746953758058 1.38864 11
1746953762436 1.4543 12
1746953766465 1.6374 13
1746953770777 1.46236 14
1746953774868 1.44444 15
1746953779396 1.63659 16
1746953783641 1.4908 17
1746953787236 1.68398 18
1746953791281 1.53633 19
1746953795064 1.36008 20
1746953799596 1.41275 21
1746953803168 1.4321 22
1746953806771 1.50343 23
1746953810587 1.52549 24
1746953815384 1.28978 25
1746953819435 1.4568 26
1746953825007 1.44951 27
1746953830401 1.47458 28
1746953834308 1.28742 29
1746953839106 1.36392 30
1746953844468 1.43122 31
1746953850159 1.20846 32
1746953854281 1.19101 33
1746953859613 1.32285 34
1746953866090 1.10669 35
1746953874328 1.22729 36
1746953878171 1.11846 37
1746953884016 1.24159 38
1746953891035 1.10928 39
1746953899056 1.22335 40
1746953904987 1.08598 41
1746953913055 1.0322 42
1746953919010 1.03278 43
1746953924581 0.97138 44
1746953928234 1.19076 45
1746953934085 1.14286 46
1746953941013 1.18246 47
1746953947208 0.91118 48
1746953951091 1.01567 49
1746953957563 0.93639 50
1746953963689 1.07806 51
1746953969491 0.91625 52
1746953974599 0.99862 53
1746953981914 0.99371 54
1746953988556 1.01695 55
1746953994098 0.99906 56
1746953997766 0.83139 57
1746954003539 0.86292 58
1746954011049 0.8672 59
1746954018319 0.8932 60
1746954026435 0.83516 61
1746954032582 0.78338 62
1746954037847 0.88815 63
1746954047364 0.83197 64
1746954053324 0.85404 65
1746954059931 0.8528 66
1746954066754 0.89894 67
1746954072756 0.86863 68
1746954079660 0.756 69
1746954090087 0.82562 70
1746954095872 0.82903 71
1746954101823 0.77357 72
1746954105476 0.72823 73
1746954111715 0.77124 74
1746954118374 0.77973 75
1746954126993 0.72902 76
1746954132781 0.72003 77
1746954139569 0.7699 78
1746954146661 0.74539 79
1746954152151 0.85737 80
1746954155822 0.69488 81
1746954162171 0.78126 82
1746954168424 0.68211 83
1746954175371 0.69099 84
1746954181678 0.6919 85
1746954188600 0.71557 86
1746954198231 0.68492 87
1746954205074 0.74677 88
1746954209609 0.70579 89
1746954216400 0.72433 90
1746954222518 0.73003 91
1746954228715 0.70656 92
1746954232163 0.69935 93
1746954238360 0.72084 94
1746954243892 0.70502 95
1746954253344 0.70132 96
1746954257642 0.70908 97
1746954264285 0.68062 98
1746954270490 0.69511 99
