1746953701526 1.27787 0
1746953705961 1.13703 1
1746953712659 1.08777 2
1746953718534 1.03557 3
1746953725360 1.02802 4
1746953730248 1.05737 5
1746953735236 1.15099 6
1746953739461 1.07444 7
1746953743700 1.0484 8
1746953747918 0.99611 9
1746953753077 1.05057 10
1746953758058 0.999 11
1746953762436 1.03368 12
1746953766465 1.07008 13
1746953770777 1.0019 14
1746953774868 1.00495 15
1746953779396 0.98012 16
1746953783641 1.01222 17
1746953787236 1.07936 18
1746953791281 1.04203 19
1746953795064 1.06284 20
1746953799596 1.10174 21
1746953803168 1.04159 22
1746953806771 1.02451 23
1746953810587 1.11293 24
1746953815384 1.04746 25
1746953819435 1.06473 26
1746953825007 1.07266 27
1746953830401 1.04883 28
1746953834308 1.08857 29
1746953839106 1.11564 30
1746953844468 1.07802 31
1746953850159 1.01618 32
1746953854281 1.05179 33
1746953859613 1.06284 34
1746953866090 1.02187 35
1746953874328 1.09752 36
1746953878171 1.01931 37
1746953884016 1.06357 38
1746953891035 1.00839 39
1746953899056 1.09162 40
1746953904987 1.02649 41
1746953913055 0.98859 42
1746953919010 0.96043 43
1746953924581 0.96908 44
1746953928234 0.99168 45
1746953934085 1.00947 46
1746953941013 1.0459 47
1746953947208 0.95429 48
1746953951091 1.012 49
1746953957563 0.96785 50
1746953963689 1.01376 51
1746953969491 0.98751 52
1746953974599 0.98828 53
1746953981914 0.99968 54
1746953988556 0.97627 55
1746953994098 0.96471 56
1746953997766 0.94373 57
1746954003539 0.93541 58
1746954011049 0.95061 59
1746954018319 0.97198 60
1746954026435 0.9475 61
1746954032582 0.93558 62
1746954037847 0.99121 63
1746954047364 0.94052 64
1746954053324 1.00431 65
1746954059931 0.97827 66
1746954066754 0.97258 67
1746954072756 0.97186 68
1746954079660 0.92735 69
1746954090087 0.98231 70
1746954095872 0.98688 71
1746954101823 0.92624 72
1746954105476 0.93353 73
1746954111715 0.9503 74
1746954118374 0.96426 75
1746954126993 0.91491 76
1746954132781 0.92768 77
1746954139569 0.93138 78
1746954146661 0.93138 79
1746954152151 1.01128 80
1746954155822 0.89819 81
1746954162171 0.95096 82
1746954168424 0.90229 83
1746954175371 0.91512 84
1746954181678 0.91139 85
1746954188600 0.94497 86
1746954198231 0.94085 87
1746954205074 0.94997 88
1746954209609 0.9269 89
1746954216400 0.9052 90
1746954222518 0.88226 91
1746954228715 0.91156 92
1746954232163 0.9103 93
1746954238360 0.91623 94
1746954243892 0.88715 95
1746954253344 0.91138 96
1746954257642 0.92115 97
1746954264285 0.89032 98
1746954270490 0.88114 99
