1746936842822 0.22545 0
1746936847680 0.24885 1
1746936852037 0.2579 2
1746936857057 0.28853 3
1746936862900 0.25806 4
1746936868058 0.2752 5
1746936873639 0.32034 6
1746936880418 0.4124 7
1746936884964 0.4124 8
1746936892522 0.22535 9
1746936900282 0.40689 10
1746936905222 0.44625 11
1746936911986 0.49048 12
1746936918687 0.42783 13
1746936923766 0.46391 14
1746936932090 0.48103 15
1746936938823 0.46054 16
1746936945353 0.40576 17
1746936951397 0.46548 18
1746936957831 0.48559 19
1746936963984 0.56266 20
1746936968100 0.56266 21
1746936974550 0.61673 22
1746936981137 0.67853 23
1746936985173 0.67853 24
1746936991955 0.7035 25
1746936998730 0.60975 26
1746937004139 0.67945 27
1746937010430 0.66622 28
1746937016135 0.65861 29
1746937020173 0.65861 30
1746937025172 0.71062 31
1746937031939 0.61406 32
1746937038645 0.71051 33
1746937042817 0.71051 34
1746937050498 0.76889 35
1746937057165 0.77412 36
1746937061182 0.77412 37
1746937066825 0.7519 38
1746937072736 0.72823 39
1746937076889 0.72823 40
1746937083178 0.69157 41
1746937089254 0.6758 42
1746937093279 0.6758 43
1746937099374 0.6753 44
1746937104313 0.6689 45
1746937108466 0.6689 46
1746937114350 0.68599 47
1746937120953 0.70451 48
1746937127714 0.71094 49
1746937130230 0.7741175656787658 49
