1746936842822 0.37483 0
1746936847680 0.45731 1
1746936852037 0.47867 2
1746936857057 0.49003 3
1746936862900 0.4033 4
1746936868058 0.52351 5
1746936873639 0.48576 6
1746936880418 0.54849 7
1746936884964 0.54849 8
1746936892522 0.33583 9
1746936900282 0.66049 10
1746936905222 0.72351 11
1746936911986 0.7639 12
1746936918687 0.69274 13
1746936923766 0.72323 14
1746936932090 0.74853 15
1746936938823 0.81919 16
1746936945353 0.76476 17
1746936951397 0.83535 18
1746936957831 0.83133 19
1746936963984 0.85628 20
1746936968100 0.85628 21
1746936974550 0.922 22
1746936981137 0.96457 23
1746936985173 0.96457 24
1746936991955 0.96 25
1746936998730 0.88092 26
1746937004139 0.95344 27
1746937010430 0.92569 28
1746937016135 0.92533 29
1746937020173 0.92533 30
1746937025172 0.9614 31
1746937031939 0.8718 32
1746937038645 0.95135 33
1746937042817 0.95135 34
1746937050498 0.95638 35
1746937057165 0.95135 36
1746937061182 0.95135 37
1746937066825 0.9482 38
1746937072736 0.93885 39
1746937076889 0.93885 40
1746937083178 0.90518 41
1746937089254 0.90247 42
1746937093279 0.90247 43
1746937099374 0.90346 44
1746937104313 0.91883 45
1746937108466 0.91883 46
1746937114350 0.93291 47
1746937120953 0.94775 48
1746937127714 0.951 49
1746937130230 0.951346153846154 49
