1746936842822 0.008 0
1746936847680 0.008 1
1746936852037 0.008 2
1746936857057 0.00867 3
1746936862900 0.01187 4
1746936868058 0.01124 5
1746936873639 1.0 6
1746936880418 0.92225 7
1746936884964 0.92225 8
1746936892522 0.9237 9
1746936900282 0.74575 10
1746936905222 0.74575 11
1746936911986 0.6592 12
1746936918687 0.6408 13
1746936923766 0.59114 14
1746936932090 0.61924 15
1746936938823 0.83226 16
1746936945353 0.67208 17
1746936951397 0.8983 18
1746936957831 0.76099 19
1746936963984 0.97609 20
1746936968100 0.97609 21
1746936974550 0.97383 22
1746936981137 0.99441 23
1746936985173 0.99441 24
1746936991955 0.99096 25
1746936998730 0.98815 26
1746937004139 0.98967 27
1746937010430 0.90926 28
1746937016135 0.912 29
1746937020173 0.912 30
1746937025172 1.0 31
1746937031939 0.91478 32
1746937038645 0.99051 33
1746937042817 0.99051 34
1746937050498 1.0 35
1746937057165 0.99214 36
1746937061182 0.99214 37
1746937066825 0.92289 38
1746937072736 0.9614 39
1746937076889 0.9614 40
1746937083178 0.92247 41
1746937089254 0.92279 42
1746937093279 0.92279 43
1746937099374 0.91765 44
1746937104313 0.91592 45
1746937108466 0.91592 46
1746937114350 0.91548 47
1746937120953 0.91872 48
1746937127714 0.94463 49
1746937130230 0.9922189958076805 49
