1746936842822 0.92308 0
1746936847680 0.92308 1
1746936852037 0.92308 2
1746936857057 1.0 3
1746936862900 0.61538 4
1746936868058 0.61538 5
1746936873639 0.24092 6
1746936880418 0.38462 7
1746936884964 0.38462 8
1746936892522 0.30769 9
1746936900282 0.45239 10
1746936905222 0.45239 11
1746936911986 0.69231 12
1746936918687 0.76923 13
1746936923766 0.84615 14
1746936932090 0.76923 15
1746936938823 0.76377 16
1746936945353 0.78923 17
1746936951397 0.68051 18
1746936957831 0.76923 19
1746936963984 0.69231 20
1746936968100 0.69231 21
1746936974550 0.84615 22
1746936981137 0.92308 23
1746936985173 0.92308 24
1746936991955 0.92308 25
1746936998730 0.84615 26
1746937004139 0.92308 27
1746937010430 0.92308 28
1746937016135 0.92308 29
1746937020173 0.92308 30
1746937025172 0.91364 31
1746937031939 0.82695 32
1746937038645 0.84615 33
1746937042817 0.84615 34
1746937050498 0.91238 35
1746937057165 0.84615 36
1746937061182 0.84615 37
1746937066825 0.92082 38
1746937072736 0.84615 39
1746937076889 0.84615 40
1746937083178 0.91584 41
1746937089254 0.91968 42
1746937093279 0.91968 43
1746937099374 0.92308 44
1746937104313 0.92308 45
1746937108466 0.92308 46
1746937114350 0.92308 47
1746937120953 0.92308 48
1746937127714 0.92308 49
1746937130230 0.8461538461538461 49
