1746933732670 1.4668 0
1746933736928 1.29729 1
1746933741521 1.18292 2
1746933746959 1.15271 3
1746933754658 1.25681 4
1746933759940 1.25922 5
1746933765992 1.21616 6
1746933772811 1.24047 7
1746933779239 1.14541 8
1746933783243 1.16468 9
1746933791176 1.29059 10
1746933797657 1.30876 11
1746933803395 1.23148 12
1746933809094 1.28557 13
1746933815199 1.25182 14
1746933820042 1.15057 15
1746933826197 1.2482 16
1746933832976 1.27882 17
1746933839117 1.37813 18
1746933844113 1.24611 19
1746933850210 1.28338 20
1746933856622 1.22732 21
1746933863749 1.08741 22
1746933870938 1.17441 23
1746933878432 1.10777 24
1746933885065 1.16106 25
1746933892156 1.26599 26
1746933898167 1.07005 27
1746933902913 1.11015 28
1746933910593 1.126 29
1746933917989 1.05151 30
1746933922031 1.07447 31
1746933928401 1.16648 32
1746933934872 1.23301 33
1746933942125 1.16973 34
1746933949550 1.16851 35
1746933955230 1.13556 36
1746933961456 1.00809 37
1746933966586 1.03593 38
1746933974325 0.99886 39
1746933985997 1.07161 40
1746933997125 1.00599 41
1746934010849 1.06174 42
1746934021894 0.97126 43
1746934030495 0.94052 44
1746934046694 1.10193 45
1746934057776 0.92151 46
1746934067743 1.0029 47
1746934077408 1.07006 48
1746934088979 1.07124 49
1746934099879 0.96327 50
1746934109488 0.87367 51
1746934120429 0.96998 52
1746934133141 1.07712 53
1746934142829 0.9335 54
1746934157897 1.04421 55
1746934170545 0.88238 56
1746934180815 0.87249 57
1746934191727 0.89202 58
1746934203728 0.84243 59
1746934212847 0.91696 60
1746934222376 0.84291 61
1746934233412 0.92838 62
1746934241447 0.89293 63
1746934254700 0.78114 64
1746934269161 0.8074 65
1746934278411 0.97618 66
1746934289521 0.89054 67
1746934300010 0.85723 68
1746934311462 0.99558 69
1746934319231 0.85022 70
1746934329627 0.87503 71
1746934339813 0.74655 72
1746934348049 0.86755 73
1746934357821 0.80176 74
1746934369356 0.85267 75
1746934378591 1.01724 76
1746934390917 0.78348 77
1746934400550 0.91241 78
1746934409860 0.7345 79
1746934420225 0.75169 80
1746934428372 0.78536 81
1746934441074 1.09024 82
1746934448132 0.82816 83
1746934460186 0.79216 84
1746934469622 0.90523 85
1746934476943 0.71194 86
1746934487993 0.77336 87
1746934497944 0.71963 88
1746934505736 0.76984 89
1746934515544 0.72413 90
1746934527207 0.73744 91
1746934532984 0.73563 92
1746934541429 0.65265 93
1746934551280 0.70475 94
1746934557941 0.68473 95
1746934567276 0.67194 96
1746934577508 0.63534 97
1746934588726 0.69751 98
1746934596059 0.65787 99
