1746933732670 3.58502 0
1746933736928 3.28303 1
1746933741521 2.47041 2
1746933746959 2.4766 3
1746933754658 2.39213 4
1746933759940 2.44711 5
1746933765992 2.31741 6
1746933772811 2.0812 7
1746933779239 4.75142 8
1746933783243 2.65167 9
1746933791176 2.80257 10
1746933797657 2.41877 11
1746933803395 1.89512 12
1746933809094 2.06355 13
1746933815199 1.90607 14
1746933820042 1.56364 15
1746933826197 1.83341 16
1746933832976 1.81183 17
1746933839117 1.81277 18
1746933844113 2.36444 19
1746933850210 2.16048 20
1746933856622 1.76687 21
1746933863749 1.76439 22
1746933870938 1.78115 23
1746933878432 1.7516 24
1746933885065 1.52473 25
1746933892156 2.22908 26
1746933898167 1.69181 27
1746933902913 1.51662 28
1746933910593 1.56926 29
1746933917989 1.35822 30
1746933922031 1.62266 31
1746933928401 1.47558 32
1746933934872 1.90914 33
1746933942125 1.56963 34
1746933949550 1.35568 35
1746933955230 1.46917 36
1746933961456 1.32336 37
1746933966586 1.45124 38
1746933974325 1.26456 39
1746933985997 1.27051 40
1746933997125 1.17323 41
1746934010849 1.33347 42
1746934021894 1.20318 43
1746934030495 1.14965 44
1746934046694 1.25478 45
1746934057776 1.05978 46
1746934067743 1.09224 47
1746934077408 1.2599 48
1746934088979 1.23225 49
1746934099879 1.10258 50
1746934109488 1.06151 51
1746934120429 1.11621 52
1746934133141 1.41698 53
1746934142829 1.09621 54
1746934157897 1.07726 55
1746934170545 1.06201 56
1746934180815 0.95574 57
1746934191727 1.08987 58
1746934203728 1.02218 59
1746934212847 1.22976 60
1746934222376 0.9653 61
1746934233412 0.95878 62
1746934241447 0.99083 63
1746934254700 1.00659 64
1746934269161 0.90505 65
1746934278411 0.99007 66
1746934289521 0.95511 67
1746934300010 0.92997 68
1746934311462 0.94857 69
1746934319231 0.9504 70
1746934329627 1.00499 71
1746934339813 1.61073 72
1746934348049 0.93227 73
1746934357821 1.1409 74
1746934369356 0.97238 75
1746934378591 1.27018 76
1746934390917 0.96041 77
1746934400550 0.9396 78
1746934409860 0.84705 79
1746934420225 0.97728 80
1746934428372 0.78614 81
1746934441074 1.07053 82
1746934448132 0.7805 83
1746934460186 0.7487 84
1746934469622 0.86723 85
1746934476943 0.88797 86
1746934487993 0.79411 87
1746934497944 0.82417 88
1746934505736 0.86586 89
1746934515544 0.88268 90
1746934527207 0.90155 91
1746934532984 0.94027 92
1746934541429 0.91167 93
1746934551280 0.84008 94
1746934557941 0.8668 95
1746934567276 0.85998 96
1746934577508 0.8045 97
1746934588726 0.84922 98
1746934596059 0.82356 99
