1746933732670 1.2033 0
1746933736928 1.17568 1
1746933741521 1.11134 2
1746933746959 1.0779 3
1746933754658 1.18685 4
1746933759940 1.22401 5
1746933765992 1.29733 6
1746933772811 1.25126 7
1746933779239 1.06696 8
1746933783243 1.17364 9
1746933791176 1.22491 10
1746933797657 1.22783 11
1746933803395 1.23696 12
1746933809094 1.2499 13
1746933815199 1.21466 14
1746933820042 1.12187 15
1746933826197 1.18946 16
1746933832976 1.25266 17
1746933839117 1.31817 18
1746933844113 1.20667 19
1746933850210 1.23364 20
1746933856622 1.2242 21
1746933863749 1.1129 22
1746933870938 1.11274 23
1746933878432 1.18986 24
1746933885065 1.1491 25
1746933892156 1.27715 26
1746933898167 1.12661 27
1746933902913 1.17978 28
1746933910593 1.15355 29
1746933917989 1.17171 30
1746933922031 1.15143 31
1746933928401 1.21145 32
1746933934872 1.16231 33
1746933942125 1.14894 34
1746933949550 1.1864 35
1746933955230 1.15903 36
1746933961456 1.09435 37
1746933966586 1.14763 38
1746933974325 1.08133 39
1746933985997 1.14225 40
1746933997125 1.07112 41
1746934010849 1.18156 42
1746934021894 1.06824 43
1746934030495 1.09349 44
1746934046694 1.13169 45
1746934057776 1.03596 46
1746934067743 1.11406 47
1746934077408 1.18467 48
1746934088979 1.12112 49
1746934099879 1.11209 50
1746934109488 1.0333 51
1746934120429 1.10876 52
1746934133141 1.08499 53
1746934142829 1.06296 54
1746934157897 1.08989 55
1746934170545 1.01466 56
1746934180815 1.04701 57
1746934191727 1.0304 58
1746934203728 1.01647 59
1746934212847 1.10695 60
1746934222376 0.98671 61
1746934233412 1.05561 62
1746934241447 1.07208 63
1746934254700 0.99378 64
1746934269161 1.02299 65
1746934278411 1.06102 66
1746934289521 1.05907 67
1746934300010 1.06268 68
1746934311462 1.06578 69
1746934319231 1.01247 70
1746934329627 1.02841 71
1746934339813 0.89794 72
1746934348049 1.02718 73
1746934357821 1.0133 74
1746934369356 1.0253 75
1746934378591 1.20588 76
1746934390917 1.02858 77
1746934400550 1.04905 78
1746934409860 0.99257 79
1746934420225 1.05322 80
1746934428372 0.98686 81
1746934441074 1.18747 82
1746934448132 1.05135 83
1746934460186 1.02108 84
1746934469622 1.07301 85
1746934476943 0.98579 86
1746934487993 1.03523 87
1746934497944 1.01664 88
1746934505736 1.02177 89
1746934515544 0.96958 90
1746934527207 0.96425 91
1746934532984 0.9989 92
1746934541429 0.9526 93
1746934551280 0.97301 94
1746934557941 0.94731 95
1746934567276 0.93287 96
1746934577508 0.94563 97
1746934588726 0.95552 98
1746934596059 0.95556 99
