1746927684871 0.0811 0
1746928238420 0.06121486 1
1746928939398 0.0412426 2
1746929344406 0.021183220000000003 3
1746929790149 0.009208000000000001 4
1746929811817 0.00901 5
1746929836553 0.008812 6
1746929893281 0.008614 7
1746929951828 0.008416 8
1746929987899 0.008218000000000001 9
1746930028383 0.008020000000000001 10
1746930080249 0.007822 11
1746930089585 0.007624 12
1746930232141 0.007426 13
1746930449642 0.007228 14
1746930939858 0.00703 15
1746931714510 0.0068319999999999995 16
1746931948235 0.006633999999999999 17
1746932123906 0.006436000000000001 18
1746932300311 0.0062380000000000005 19
1746932355149 0.00604 20
1746932422380 0.005842000000000001 21
