1746943791829 4e-05 0
1746943795854 9.901e-05 1
1746943799559 0.000156832 2
1746943803331 0.000213466 3
1746943807172 0.000268912 4
1746943810902 0.00032317000000000007 5
1746943814633 0.00037623999999999996 6
1746943819306 0.000428122 7
1746943824421 0.000478816 8
1746943829212 0.000528322 9
1746943833410 0.00057664 10
1746943836916 0.0006237699999999999 11
1746943840368 0.0006697119999999999 12
1746943844042 0.000714466 13
1746943847718 0.0007580320000000001 14
1746943851546 0.0008004100000000001 15
1746943855154 0.0008416000000000001 16
1746943858728 0.000881602 17
1746943862308 0.0009204160000000002 18
1746943865890 0.0009580420000000002 19
1746943869252 0.00099448 20
1746943872787 0.0010297300000000002 21
1746943876246 0.001063792 22
1746943880057 0.001096666 23
1746943884698 0.001128352 24
1746943888487 0.00115885 25
1746943892178 0.0011881600000000002 26
1746943895984 0.0012162820000000002 27
1746943902113 0.0012432160000000001 28
1746943905538 0.0012689620000000002 29
1746943915678 0.0012935199999999998 30
1746943919498 0.00131689 31
1746943924215 0.0013390719999999997 32
1746943927835 0.0013465999999999999 33
1746943933871 0.0013267999999999997 34
1746943940613 0.001307 35
1746943944448 0.0012872 36
1746943948076 0.0012674000000000001 37
1746943954826 0.0012476 38
1746943961343 0.0012278 39
1746943972656 0.001208 40
1746943976475 0.0011882000000000002 41
1746943980422 0.0011684000000000002 42
1746943992528 0.0011486 43
1746943998238 0.0011288000000000001 44
1746944001686 0.001109 45
1746944009107 0.0010892000000000002 46
1746944015369 0.0010694 47
1746944023790 0.0010496000000000001 48
1746944027604 0.0010298 49
1746944034721 0.00101 50
1746944042353 0.0009901999999999999 51
1746944052205 0.0009704 52
1746944059413 0.0009506 53
1746944063826 0.0009308 54
1746944071919 0.0009109999999999999 55
1746944078309 0.0008911999999999999 56
1746944085801 0.0008714 57
1746944093527 0.0008516000000000001 58
1746944100555 0.0008318000000000002 59
1746944106737 0.0008120000000000001 60
1746944114549 0.0007922000000000001 61
1746944127534 0.0007724 62
1746944133965 0.0007526000000000001 63
1746944141033 0.0007328 64
1746944152222 0.000713 65
1746944159252 0.0006931999999999999 66
1746944165326 0.0006733999999999999 67
1746944172294 0.0006536 68
1746944179953 0.0006338000000000001 69
1746944187842 0.0006140000000000001 70
1746944195072 0.0005942 71
1746944201836 0.0005744000000000001 72
1746944209325 0.0005546000000000001 73
1746944215516 0.0005348000000000001 74
1746944222368 0.000515 75
1746944230645 0.0004952 76
1746944240669 0.0004754 77
1746944248272 0.00045559999999999996 78
1746944255139 0.00043579999999999997 79
1746944262248 0.0004159999999999999 80
1746944272373 0.00039619999999999987 81
1746944280407 0.00037640000000000015 82
1746944287295 0.0003566000000000001 83
1746944299227 0.0003368000000000001 84
1746944307595 0.00031700000000000006 85
1746944318721 0.0002972 86
1746944324718 0.0002774 87
1746944331554 0.00025760000000000003 88
1746944343195 0.00023779999999999995 89
1746944350426 0.00021799999999999996 90
1746944357059 0.00019819999999999994 91
1746944363861 0.00017839999999999992 92
1746944370339 0.00015859999999999987 93
1746944376557 0.0001388000000000001 94
1746944383555 0.0001190000000000001 95
1746944391444 9.920000000000008e-05 96
1746944398394 7.940000000000006e-05 97
1746944406341 5.9600000000000046e-05 98
1746944415738 3.980000000000002e-05 99
