1746956229123 1.80646 0
1746956237989 1.19332 1
1746956245640 1.20467 2
1746956254447 1.19592 3
1746956264278 1.01478 4
1746956275343 1.13964 5
1746956284823 1.12739 6
1746956293921 1.12751 7
1746956303738 1.13998 8
1746956312809 1.22118 9
1746956324125 1.29683 10
1746956333460 1.12852 11
1746956346031 1.06772 12
1746956356119 1.17911 13
1746956366100 1.10373 14
1746956372982 0.967 15
1746956384047 1.0888 16
1746956396977 0.95518 17
1746956408611 1.1223 18
1746956415525 1.1265 19
1746956426029 1.20305 20
1746956437093 1.35826 21
1746956447188 1.10468 22
1746956453896 1.23107 23
1746956465241 1.24471 24
1746956474467 1.0563 25
1746956485232 1.10043 26
1746956493052 1.04503 27
1746956504464 1.01832 28
1746956516603 1.03797 29
1746956528329 1.03097 30
1746956535361 1.10489 31
1746956546100 0.9196 32
1746956556359 1.03166 33
1746956566172 0.97617 34
1746956573015 0.85766 35
1746956582599 0.9228 36
1746956591845 1.12448 37
1746956600734 0.89473 38
1746956607612 0.8607 39
1746956619309 0.7734 40
1746956632488 0.76016 41
1746956645107 0.74705 42
1746956654260 0.73117 43
1746956665998 0.72816 44
1746956676933 0.80366 45
1746956688055 0.80968 46
1746956697841 0.73817 47
1746956709029 0.69348 48
1746956719002 0.70926 49
