1746956229123 4.47832 0
1746956237989 2.49983 1
1746956245640 2.13885 2
1746956254447 1.69887 3
1746956264278 1.32976 4
1746956275343 1.24471 5
1746956284823 1.51307 6
1746956293921 1.26448 7
1746956303738 1.28224 8
1746956312809 1.40391 9
1746956324125 1.27949 10
1746956333460 1.08108 11
1746956346031 1.08308 12
1746956356119 1.40894 13
1746956366100 0.99963 14
1746956372982 1.00552 15
1746956384047 0.99421 16
1746956396977 0.7503 17
1746956408611 0.96031 18
1746956415525 1.14473 19
1746956426029 1.0496 20
1746956437093 1.03832 21
1746956447188 0.94532 22
1746956453896 1.13687 23
1746956465241 1.01859 24
1746956474467 0.81798 25
1746956485232 0.86875 26
1746956493052 0.80528 27
1746956504464 0.78374 28
1746956516603 0.78928 29
1746956528329 0.81075 30
1746956535361 0.79015 31
1746956546100 0.64516 32
1746956556359 0.6931 33
1746956566172 0.63583 34
1746956573015 0.59463 35
1746956582599 0.72445 36
1746956591845 0.71921 37
1746956600734 0.6146 38
1746956607612 0.61608 39
1746956619309 0.56407 40
1746956632488 0.5488 41
1746956645107 0.49302 42
1746956654260 0.48589 43
1746956665998 0.52184 44
1746956676933 0.5096 45
1746956688055 0.50503 46
1746956697841 0.49518 47
1746956709029 0.49312 48
1746956719002 0.48058 49
