1746956229123 1.53444 0
1746956237989 1.09795 1
1746956245640 1.11934 2
1746956254447 1.07515 3
1746956264278 1.08872 4
1746956275343 1.15225 5
1746956284823 1.21496 6
1746956293921 1.22147 7
1746956303738 1.21406 8
1746956312809 1.39763 9
1746956324125 1.37744 10
1746956333460 1.12642 11
1746956346031 1.1075 12
1746956356119 1.29686 13
1746956366100 1.15145 14
1746956372982 1.06425 15
1746956384047 1.08959 16
1746956396977 1.09511 17
1746956408611 1.10676 18
1746956415525 1.17456 19
1746956426029 1.2216 20
1746956437093 1.36808 21
1746956447188 1.1356 22
1746956453896 1.34616 23
1746956465241 1.34715 24
1746956474467 1.11031 25
1746956485232 1.29476 26
1746956493052 1.18702 27
1746956504464 1.14799 28
1746956516603 1.16553 29
1746956528329 1.3241 30
1746956535361 1.20231 31
1746956546100 1.09632 32
1746956556359 1.13568 33
1746956566172 1.10985 34
1746956573015 1.06897 35
1746956582599 1.13251 36
1746956591845 1.38993 37
1746956600734 1.14821 38
1746956607612 1.11551 39
1746956619309 1.04332 40
1746956632488 1.02651 41
1746956645107 1.01121 42
1746956654260 0.99698 43
1746956665998 1.00834 44
1746956676933 1.01978 45
1746956688055 1.04619 46
1746956697841 1.01766 47
1746956709029 1.01324 48
1746956719002 1.00168 49
