1746884763549 0.14581 0
1746884770712 0.35862 1
1746884776949 0.25257 2
1746884784243 0.25387 3
1746884790745 0.34298 4
1746884796963 0.3197 5
1746884805895 0.32038 6
1746884819852 0.37925 7
1746884834506 0.46239 8
1746884846040 0.44386 9
1746884856826 0.44713 10
1746884866547 0.43357 11
1746884886665 0.464 12
1746884897855 0.50754 13
1746884909651 0.50754 14
1746884922591 0.4724 15
1746884935107 0.57425 16
1746884944634 0.4456 17
1746884954555 0.4456 18
1746884963467 0.51658 19
1746884970513 0.60512 20
1746884978641 0.62558 21
1746884984967 0.62558 22
1746884993681 0.55478 23
1746885005389 0.41943 24
1746885026358 0.66224 25
1746885055900 0.66224 26
1746885073932 0.63623 27
1746885089509 0.4824 28
1746885104769 0.51021 29
1746885128851 0.72488 30
1746885153991 0.72001 31
1746885171906 0.67702 32
1746885187238 0.74643 33
1746885196749 0.74643 34
1746885217806 0.76105 35
1746885238443 0.76766 36
1746885257412 0.75362 37
1746885275036 0.75362 38
1746885300228 0.67911 39
1746885316119 0.66738 40
1746885332958 0.76328 41
1746885343907 0.76328 42
1746885357232 0.76647 43
1746885372821 0.77833 44
1746885384940 0.77906 45
1746885397256 0.77906 46
1746885416725 0.69836 47
1746885438849 0.46546 48
1746885467908 0.46599 49
1746885482671 0.7790462846075458 49
