1746884763549 0.25189 0
1746884770712 0.62798 1
1746884776949 0.43175 2
1746884784243 0.40266 3
1746884790745 0.49179 4
1746884796963 0.49741 5
1746884805895 0.56549 6
1746884819852 0.61108 7
1746884834506 0.60413 8
1746884846040 0.60351 9
1746884856826 0.59867 10
1746884866547 0.61375 11
1746884886665 0.71053 12
1746884897855 0.77176 13
1746884909651 0.77176 14
1746884922591 0.76502 15
1746884935107 0.80885 16
1746884944634 0.66459 17
1746884954555 0.66459 18
1746884963467 0.74623 19
1746884970513 0.83153 20
1746884978641 0.91093 21
1746884984967 0.91093 22
1746884993681 0.83797 23
1746885005389 0.54908 24
1746885026358 0.94256 25
1746885055900 0.94256 26
1746885073932 0.89686 27
1746885089509 0.68851 28
1746885104769 0.68851 29
1746885128851 0.99 30
1746885153991 0.995 31
1746885171906 0.92536 32
1746885187238 0.98429 33
1746885196749 0.98429 34
1746885217806 0.97951 35
1746885238443 0.98429 36
1746885257412 0.99 37
1746885275036 0.99 38
1746885300228 0.92536 39
1746885316119 0.92536 40
1746885332958 0.995 41
1746885343907 0.995 42
1746885357232 0.995 43
1746885372821 0.995 44
1746885384940 0.995 45
1746885397256 0.995 46
1746885416725 0.92536 47
1746885438849 0.61757 48
1746885467908 0.61757 49
1746885482671 0.995 49
