1746884763549 0.008 0
1746884770712 0.00733 1
1746884776949 0.01698 2
1746884784243 0.47166 3
1746884790745 0.008 4
1746884796963 0.008 5
1746884805895 0.01132 6
1746884819852 1.0 7
1746884834506 1.0 8
1746884846040 1.0 9
1746884856826 0.86431 10
1746884866547 0.95841 11
1746884886665 0.78043 12
1746884897855 0.75841 13
1746884909651 0.75841 14
1746884922591 0.64492 15
1746884935107 0.83279 16
1746884944634 0.59423 17
1746884954555 0.59423 18
1746884963467 0.63174 19
1746884970513 0.87373 20
1746884978641 0.73503 21
1746884984967 0.73503 22
1746884993681 0.7719 23
1746885005389 0.73761 24
1746885026358 0.75995 25
1746885055900 0.75995 26
1746885073932 0.7884 27
1746885089509 0.88616 28
1746885104769 0.89112 29
1746885128851 0.91782 30
1746885153991 0.96333 31
1746885171906 1.0 32
1746885187238 0.92652 33
1746885196749 0.92652 34
1746885217806 0.86396 35
1746885238443 0.9114 36
1746885257412 0.91584 37
1746885275036 0.91584 38
1746885300228 0.94491 39
1746885316119 0.97137 40
1746885332958 0.98388 41
1746885343907 0.98388 42
1746885357232 0.99094 43
1746885372821 0.99368 44
1746885384940 0.99594 45
1746885397256 0.99594 46
1746885416725 1.0 47
1746885438849 1.0 48
1746885467908 1.0 49
1746885482671 0.9957309932708797 49
