1746884763549 0.92308 0
1746884770712 0.84615 1
1746884776949 0.92308 2
1746884784243 0.38462 3
1746884790745 0.92308 4
1746884796963 0.92308 5
1746884805895 0.69231 6
1746884819852 0.47524 7
1746884834506 0.27738 8
1746884846040 0.19569 9
1746884856826 0.53846 10
1746884866547 0.46154 11
1746884886665 0.61538 12
1746884897855 0.72594 13
1746884909651 0.72594 14
1746884922591 0.69897 15
1746884935107 0.76648 16
1746884944634 0.78938 17
1746884954555 0.78938 18
1746884963467 0.76923 19
1746884970513 0.61538 20
1746884978641 0.92308 21
1746884984967 0.92308 22
1746884993681 0.84615 23
1746885005389 0.53846 24
1746885026358 0.9751 25
1746885055900 0.9751 26
1746885073932 0.92308 27
1746885089509 0.69231 28
1746885104769 0.69231 29
1746885128851 1.0 30
1746885153991 1.0 31
1746885171906 0.90679 32
1746885187238 1.0 33
1746885196749 1.0 34
1746885217806 1.0 35
1746885238443 1.0 36
1746885257412 1.0 37
1746885275036 1.0 38
1746885300228 0.92308 39
1746885316119 0.92308 40
1746885332958 1.0 41
1746885343907 1.0 42
1746885357232 1.0 43
1746885372821 1.0 44
1746885384940 1.0 45
1746885397256 1.0 46
1746885416725 0.9221 47
1746885438849 0.61337 48
1746885467908 0.60706 49
1746885482671 1.0 49
