1746894266680 0.0005 0
1746894270439 0.00107822 1
1746894274089 0.0016326799999999999 2
1746894289028 0.00216338 3
1746894292739 0.0026703200000000003 4
1746894304821 0.0031535000000000005 5
1746894311656 0.00361292 6
1746894315208 0.0040485799999999995 7
1746894321485 0.004460479999999999 8
1746894327565 0.0048486200000000005 9
1746894352160 0.005213000000000001 10
1746894358966 0.00555362 11
1746894386339 0.00587048 12
1746894401008 0.00616358 13
1746894414736 0.006432920000000001 14
1746894429717 0.0066785 15
1746894443044 0.0068319999999999995 16
1746894449429 0.006633999999999999 17
1746894465611 0.006436000000000001 18
1746894481059 0.0062380000000000005 19
1746894554001 0.00604 20
1746894758492 0.005842000000000001 21
1746894868771 0.005644000000000001 22
1746894967869 0.005446000000000001 23
1746895026506 0.005248000000000001 24
1746895125638 0.00505 25
1746895212059 0.0048519999999999995 26
1746895299086 0.004654 27
1746895363780 0.004456 28
1746895475924 0.0042580000000000005 29
1746895628004 0.00406 30
1746895695813 0.003862 31
1746895781646 0.003664 32
1746895900220 0.003466 33
1746895995412 0.003268 34
1746896160406 0.0030700000000000007 35
1746896212233 0.002872 36
1746896493988 0.002674 37
1746896767318 0.002476 38
1746896939059 0.0022779999999999996 39
1746897036814 0.00208 40
1746897130757 0.0018820000000000006 41
1746897191245 0.0016840000000000006 42
1746897252044 0.0014860000000000001 43
1746897348364 0.001288 44
1746897416664 0.0010899999999999998 45
1746897544960 0.0008919999999999996 46
1746897614090 0.0006940000000000005 47
1746897684860 0.0004960000000000005 48
1746897802151 0.0002980000000000002 49
