1746954987192 1.80646 0
1746954994382 1.19439 1
1746955002900 1.209 2
1746955012026 1.1897 3
1746955020441 1.03382 4
1746955028944 1.13465 5
1746955037964 1.10074 6
1746955047909 1.10152 7
1746955056716 1.20992 8
1746955067321 1.1317 9
1746955078437 1.16119 10
1746955092495 1.08506 11
1746955106023 1.03276 12
1746955119099 1.2704 13
1746955133263 1.13057 14
1746955141122 0.96721 15
1746955153908 1.22129 16
1746955164388 1.1118 17
1746955174005 1.21979 18
1746955181262 1.15502 19
1746955190708 1.1365 20
1746955201719 1.26747 21
1746955212184 1.06679 22
1746955220960 1.24062 23
1746955232160 1.19295 24
1746955243729 1.06015 25
1746955255872 1.0795 26
1746955265280 1.13425 27
1746955276734 1.09921 28
1746955289554 1.11505 29
1746955301336 1.18563 30
1746955309010 1.10075 31
1746955321155 0.93663 32
1746955333523 1.10419 33
1746955344309 1.08736 34
1746955353396 1.08561 35
1746955364592 1.18148 36
1746955378833 1.09577 37
1746955390771 1.09814 38
1746955398483 0.94689 39
1746955414601 1.11812 40
1746955429396 0.9889 41
1746955444097 1.00418 42
1746955454852 0.85245 43
1746955469938 0.89562 44
1746955483233 1.14782 45
1746955497907 0.91298 46
1746955511548 1.05509 47
1746955526954 0.84995 48
1746955540597 0.96861 49
1746955554851 0.79025 50
1746955567224 0.95577 51
1746955582089 0.89126 52
1746955594982 0.81137 53
1746955610948 0.89431 54
1746955622451 0.7975 55
1746955636397 0.96907 56
1746955653235 0.92203 57
1746955668338 0.92064 58
1746955683355 0.82268 59
1746955697505 0.78453 60
1746955711076 0.93005 61
1746955725838 0.86847 62
1746955742096 0.87205 63
1746955755791 0.91088 64
1746955771435 0.94019 65
1746955786602 0.80664 66
1746955797036 0.85384 67
1746955809036 0.83707 68
1746955822106 0.83855 69
1746955840006 0.95329 70
1746955854633 1.03886 71
1746955867414 0.8955 72
1746955881063 0.81675 73
1746955893644 0.7476 74
1746955904537 0.86555 75
1746955920028 0.8654 76
1746955934454 0.72841 77
1746955947653 0.80703 78
1746955959042 0.71362 79
1746955972621 0.86653 80
1746955986440 0.70587 81
1746955996692 0.74657 82
1746956007127 0.69038 83
1746956019008 0.72679 84
1746956033025 0.81638 85
1746956046945 0.73396 86
1746956063174 0.77212 87
1746956076720 0.8651 88
1746956089470 0.72072 89
1746956103282 0.63411 90
1746956117427 0.64537 91
1746956129366 0.69066 92
1746956142026 0.61112 93
1746956153810 0.65116 94
1746956163852 0.67697 95
1746956174524 0.69384 96
1746956188135 0.57054 97
1746956199526 0.62897 98
1746956212456 0.65772 99
