1746954987192 4.47832 0
1746954994382 2.49898 1
1746955002900 2.14517 2
1746955012026 1.60802 3
1746955020441 1.41251 4
1746955028944 1.29105 5
1746955037964 1.42337 6
1746955047909 1.45553 7
1746955056716 1.49145 8
1746955067321 1.46547 9
1746955078437 1.32434 10
1746955092495 1.03826 11
1746955106023 1.04371 12
1746955119099 1.16878 13
1746955133263 1.01726 14
1746955141122 0.97784 15
1746955153908 1.22133 16
1746955164388 1.21377 17
1746955174005 1.11493 18
1746955181262 1.0516 19
1746955190708 0.91417 20
1746955201719 1.24874 21
1746955212184 0.95839 22
1746955220960 1.06423 23
1746955232160 1.04048 24
1746955243729 0.7393 25
1746955255872 0.80597 26
1746955265280 0.81522 27
1746955276734 0.81109 28
1746955289554 0.8993 29
1746955301336 0.86898 30
1746955309010 0.82656 31
1746955321155 0.69439 32
1746955333523 0.82509 33
1746955344309 0.80827 34
1746955353396 0.74698 35
1746955364592 0.88675 36
1746955378833 0.8531 37
1746955390771 0.76422 38
1746955398483 0.82979 39
1746955414601 0.79296 40
1746955429396 0.70492 41
1746955444097 0.7054 42
1746955454852 0.62803 43
1746955469938 0.62098 44
1746955483233 0.77352 45
1746955497907 0.67193 46
1746955511548 0.7444 47
1746955526954 0.6338 48
1746955540597 0.69597 49
1746955554851 0.59791 50
1746955567224 0.66339 51
1746955582089 0.58985 52
1746955594982 0.59071 53
1746955610948 0.62151 54
1746955622451 0.5684 55
1746955636397 0.63996 56
1746955653235 0.57016 57
1746955668338 0.66995 58
1746955683355 0.55822 59
1746955697505 0.53111 60
1746955711076 0.61684 61
1746955725838 0.55313 62
1746955742096 0.65054 63
1746955755791 0.62603 64
1746955771435 0.58171 65
1746955786602 0.55149 66
1746955797036 0.52616 67
1746955809036 0.6208 68
1746955822106 0.58765 69
1746955840006 0.69014 70
1746955854633 0.65549 71
1746955867414 0.59488 72
1746955881063 0.53704 73
1746955893644 0.5754 74
1746955904537 0.56872 75
1746955920028 0.54051 76
1746955934454 0.48189 77
1746955947653 0.5055 78
1746955959042 0.49667 79
1746955972621 0.6303 80
1746955986440 0.46216 81
1746955996692 0.54741 82
1746956007127 0.46033 83
1746956019008 0.45824 84
1746956033025 0.50763 85
1746956046945 0.48655 86
1746956063174 0.4759 87
1746956076720 0.56688 88
1746956089470 0.49937 89
1746956103282 0.44949 90
1746956117427 0.44225 91
1746956129366 0.43518 92
1746956142026 0.42372 93
1746956153810 0.44148 94
1746956163852 0.43425 95
1746956174524 0.42668 96
1746956188135 0.40441 97
1746956199526 0.39629 98
1746956212456 0.42621 99
