1746954987192 1.53444 0
1746954994382 1.09752 1
1746955002900 1.11934 2
1746955012026 1.05741 3
1746955020441 1.06944 4
1746955028944 1.1342 5
1746955037964 1.17934 6
1746955047909 1.14418 7
1746955056716 1.14368 8
1746955067321 1.22796 9
1746955078437 1.13805 10
1746955092495 1.05089 11
1746955106023 1.07455 12
1746955119099 1.28645 13
1746955133263 1.18069 14
1746955141122 1.14956 15
1746955153908 1.19007 16
1746955164388 1.14873 17
1746955174005 1.16914 18
1746955181262 1.21123 19
1746955190708 1.19345 20
1746955201719 1.21268 21
1746955212184 1.13274 22
1746955220960 1.29293 23
1746955232160 1.28135 24
1746955243729 1.07383 25
1746955255872 1.17801 26
1746955265280 1.21681 27
1746955276734 1.14135 28
1746955289554 1.19027 29
1746955301336 1.24089 30
1746955309010 1.19036 31
1746955321155 1.07426 32
1746955333523 1.17963 33
1746955344309 1.16235 34
1746955353396 1.14386 35
1746955364592 1.22204 36
1746955378833 1.18635 37
1746955390771 1.18845 38
1746955398483 1.11525 39
1746955414601 1.2002 40
1746955429396 1.15383 41
1746955444097 1.09542 42
1746955454852 0.98907 43
1746955469938 1.06272 44
1746955483233 1.17848 45
1746955497907 1.09715 46
1746955511548 1.11271 47
1746955526954 1.06613 48
1746955540597 1.09225 49
1746955554851 1.04214 50
1746955567224 1.12198 51
1746955582089 1.09607 52
1746955594982 1.03467 53
1746955610948 1.15137 54
1746955622451 1.00248 55
1746955636397 1.0397 56
1746955653235 1.04482 57
1746955668338 1.15617 58
1746955683355 1.02169 59
1746955697505 1.0503 60
1746955711076 1.00724 61
1746955725838 0.98098 62
1746955742096 1.08235 63
1746955755791 1.15037 64
1746955771435 1.10853 65
1746955786602 1.07258 66
1746955797036 1.0622 67
1746955809036 1.05221 68
1746955822106 0.99178 69
1746955840006 1.04536 70
1746955854633 1.13276 71
1746955867414 1.03019 72
1746955881063 1.03498 73
1746955893644 1.00233 74
1746955904537 1.04142 75
1746955920028 1.02506 76
1746955934454 0.97018 77
1746955947653 1.01545 78
1746955959042 0.9865 79
1746955972621 1.13674 80
1746955986440 0.91475 81
1746955996692 1.01907 82
1746956007127 0.93362 83
1746956019008 0.98687 84
1746956033025 0.97999 85
1746956046945 1.01602 86
1746956063174 1.0045 87
1746956076720 1.03433 88
1746956089470 0.95618 89
1746956103282 0.93923 90
1746956117427 0.95113 91
1746956129366 0.97382 92
1746956142026 0.92925 93
1746956153810 0.96561 94
1746956163852 0.95846 95
1746956174524 0.98013 96
1746956188135 0.95199 97
1746956199526 0.92354 98
1746956212456 0.91672 99
