1746889698851 0.1557 0
1746889704336 0.18808 1
1746889710195 0.2927 2
1746889716142 0.34304 3
1746889721055 0.34304 4
1746889728163 0.42173 5
1746889735924 0.48832 6
1746889743522 0.5585 7
1746889749676 0.77041 8
1746889757429 0.45519 9
1746889764756 0.51442 10
1746889771034 0.76088 11
1746889780566 0.51256 12
1746889788495 0.54888 13
1746889796442 0.78702 14
1746889805049 0.79597 15
1746889813968 0.856 16
1746889819199 0.856 17
1746889827595 0.63363 18
1746889836111 0.64827 19
1746889841511 0.87603 20
1746889849243 0.66057 21
1746889857541 0.88671 22
1746889865917 0.92364 23
1746889871514 0.92364 24
1746889879525 0.92586 25
1746889888538 0.73466 26
1746889896172 0.94457 27
1746889905450 0.73466 28
1746889913593 0.7059 29
1746889920686 0.92564 30
1746889932723 0.738 31
1746889943692 0.9545 32
1746889950048 0.9545 33
1746889961951 0.68051 34
1746889970521 0.68051 35
1746889978474 0.96688 36
1746889987886 0.72249 37
1746889996752 0.741 38
1746890004714 0.72641 39
1746890011769 0.94059 40
1746890021998 0.94721 41
1746890030086 0.96253 42
1746890035132 0.96253 43
1746890043991 0.96688 44
1746890051968 0.75236 45
1746890058548 0.975 46
1746890068004 0.975 47
1746890075957 0.75236 48
1746890081925 0.975 49
1746890087246 0.7379966666666666 49
