1746889698851 0.07285 0
1746889704336 0.1149 1
1746889710195 0.11906 2
1746889716142 0.1983 3
1746889721055 0.1983 4
1746889728163 0.17924 5
1746889735924 0.22065 6
1746889743522 0.25293 7
1746889749676 0.34822 8
1746889757429 0.27322 9
1746889764756 0.31448 10
1746889771034 0.48631 11
1746889780566 0.32728 12
1746889788495 0.32767 13
1746889796442 0.4695 14
1746889805049 0.50613 15
1746889813968 0.60257 16
1746889819199 0.60257 17
1746889827595 0.4169 18
1746889836111 0.45306 19
1746889841511 0.60618 20
1746889849243 0.41021 21
1746889857541 0.64035 22
1746889865917 0.65402 23
1746889871514 0.65402 24
1746889879525 0.66938 25
1746889888538 0.55361 26
1746889896172 0.70616 27
1746889905450 0.50121 28
1746889913593 0.54471 29
1746889920686 0.71518 30
1746889932723 0.57053 31
1746889943692 0.73949 32
1746889950048 0.73949 33
1746889961951 0.49996 34
1746889970521 0.49899 35
1746889978474 0.7121 36
1746889987886 0.53986 37
1746889996752 0.56864 38
1746890004714 0.55331 39
1746890011769 0.70099 40
1746890021998 0.68973 41
1746890030086 0.70661 42
1746890035132 0.70661 43
1746890043991 0.69564 44
1746890051968 0.53678 45
1746890058548 0.70942 46
1746890068004 0.70776 47
1746890075957 0.54247 48
1746890081925 0.70892 49
1746890087246 0.5684979862797619 49
