1746889698851 0.008 0
1746889704336 0.008 1
1746889710195 0.008 2
1746889716142 0.008 3
1746889721055 0.008 4
1746889728163 0.58981 5
1746889735924 0.61154 6
1746889743522 0.84816 7
1746889749676 0.80424 8
1746889757429 0.87042 9
1746889764756 0.92902 10
1746889771034 0.95367 11
1746889780566 0.85012 12
1746889788495 0.83441 13
1746889796442 0.8807 14
1746889805049 0.88017 15
1746889813968 1.0 16
1746889819199 1.0 17
1746889827595 0.98692 18
1746889836111 1.0 19
1746889841511 1.0 20
1746889849243 1.0 21
1746889857541 0.89543 22
1746889865917 0.98748 23
1746889871514 0.98748 24
1746889879525 0.98788 25
1746889888538 0.89928 26
1746889896172 0.99957 27
1746889905450 0.89867 28
1746889913593 0.8808 29
1746889920686 0.91493 30
1746889932723 0.89969 31
1746889943692 0.98195 32
1746889950048 0.98195 33
1746889961951 0.89315 34
1746889970521 0.88672 35
1746889978474 0.91208 36
1746889987886 0.8741 37
1746889996752 0.81652 38
1746890004714 0.81653 39
1746890011769 1.0 40
1746890021998 0.89461 41
1746890030086 0.97105 42
1746890035132 0.97105 43
1746890043991 0.97873 44
1746890051968 0.90875 45
1746890058548 0.98967 46
1746890068004 0.99089 47
1746890075957 0.88107 48
1746890081925 0.991 49
1746890087246 0.8864446964349613 49
