1746889698851 0.92308 0
1746889704336 0.92308 1
1746889710195 0.92308 2
1746889716142 0.92308 3
1746889721055 0.92308 4
1746889728163 0.38462 5
1746889735924 0.53846 6
1746889743522 0.53846 7
1746889749676 0.69231 8
1746889757429 0.38462 9
1746889764756 0.38462 10
1746889771034 0.61538 11
1746889780566 0.46154 12
1746889788495 0.53846 13
1746889796442 0.76923 14
1746889805049 0.69231 15
1746889813968 0.76039 16
1746889819199 0.76039 17
1746889827595 0.61538 18
1746889836111 0.60919 19
1746889841511 0.83643 20
1746889849243 0.61323 21
1746889857541 0.84615 22
1746889865917 0.84615 23
1746889871514 0.84615 24
1746889879525 0.84615 25
1746889888538 0.68731 26
1746889896172 0.84615 27
1746889905450 0.68307 28
1746889913593 0.61538 29
1746889920686 0.82852 30
1746889932723 0.69018 31
1746889943692 0.84615 32
1746889950048 0.84615 33
1746889961951 0.64486 34
1746889970521 0.60339 35
1746889978474 0.84615 36
1746889987886 0.61538 37
1746889996752 0.68527 38
1746890004714 0.68532 39
1746890011769 0.76392 40
1746890021998 0.84615 41
1746890030086 0.84615 42
1746890035132 0.84615 43
1746890043991 0.84615 44
1746890051968 0.76636 45
1746890058548 0.84615 46
1746890068004 0.84615 47
1746890075957 0.76923 48
1746890081925 0.84615 49
1746890087246 0.6923076923076923 49
