1746888137254 0.15571 0
1746888147179 0.19063 1
1746888157132 0.21898 2
1746888166367 0.39093 3
1746888175482 0.39093 4
1746888186713 0.68091 5
1746888196788 0.59012 6
1746888207353 0.7124 7
1746888216415 0.7124 8
1746888227311 0.97238 9
1746888239764 0.87619 10
1746888249561 0.87619 11
1746888262958 0.90077 12
1746888276386 0.9251 13
1746888291785 0.9251 14
1746888310570 0.92867 15
1746888344731 0.93344 16
1746888369375 0.93344 17
1746888391317 0.94918 18
1746888410721 0.95023 19
1746888424519 0.95023 20
1746888443599 0.94293 21
1746888461801 0.72292 22
1746888483061 0.93705 23
1746888496618 0.93705 24
1746888517533 0.92907 25
1746888537123 0.91972 26
1746888549914 0.91972 27
1746888572460 0.93468 28
1746888594005 0.93343 29
1746888605632 0.9374374999999999 29
