1746888137254 0.07285 0
1746888147179 0.11331 1
1746888157132 0.10337 2
1746888166367 0.23178 3
1746888175482 0.23178 4
1746888186713 0.34169 5
1746888196788 0.32485 6
1746888207353 0.30738 7
1746888216415 0.30738 8
1746888227311 0.54394 9
1746888239764 0.53797 10
1746888249561 0.53797 11
1746888262958 0.5813 12
1746888276386 0.585 13
1746888291785 0.585 14
1746888310570 0.58799 15
1746888344731 0.68877 16
1746888369375 0.68877 17
1746888391317 0.67433 18
1746888410721 0.64978 19
1746888424519 0.64978 20
1746888443599 0.67385 21
1746888461801 0.49872 22
1746888483061 0.65998 23
1746888496618 0.65998 24
1746888517533 0.66536 25
1746888537123 0.66658 26
1746888549914 0.66658 27
1746888572460 0.67922 28
1746888594005 0.67929 29
1746888605632 0.6917303925772006 29
