1746888137254 0.008 0
1746888147179 0.008 1
1746888157132 0.008 2
1746888166367 0.008 3
1746888175482 0.008 4
1746888186713 1.0 5
1746888196788 0.55552 6
1746888207353 0.83963 7
1746888216415 0.83963 8
1746888227311 0.90414 9
1746888239764 0.90505 10
1746888249561 0.90505 11
1746888262958 0.98376 12
1746888276386 0.98492 13
1746888291785 0.98492 14
1746888310570 0.98908 15
1746888344731 0.96879 16
1746888369375 0.96879 17
1746888391317 1.0 18
1746888410721 0.99742 19
1746888424519 0.99742 20
1746888443599 0.99582 21
1746888461801 1.0 22
1746888483061 0.99018 23
1746888496618 0.99018 24
1746888517533 1.0 25
1746888537123 1.0 26
1746888549914 1.0 27
1746888572460 1.0 28
1746888594005 1.0 29
1746888605632 0.9696593342507392 29
