1746888137254 0.92308 0
1746888147179 0.92308 1
1746888157132 0.92308 2
1746888166367 0.92308 3
1746888175482 0.92308 4
1746888186713 0.37789 5
1746888196788 0.53846 6
1746888207353 0.61538 7
1746888216415 0.61538 8
1746888227311 0.92308 9
1746888239764 0.76923 10
1746888249561 0.76923 11
1746888262958 0.84615 12
1746888276386 0.84615 13
1746888291785 0.84615 14
1746888310570 0.84615 15
1746888344731 0.84615 16
1746888369375 0.84615 17
1746888391317 0.84604 18
1746888410721 0.84615 19
1746888424519 0.84615 20
1746888443599 0.84615 21
1746888461801 0.68004 22
1746888483061 0.84615 23
1746888496618 0.84615 24
1746888517533 0.84353 25
1746888537123 0.84096 26
1746888549914 0.84096 27
1746888572460 0.90303 28
1746888594005 0.89756 29
1746888605632 0.8461538461538461 29
