1746937875045 1.57526 0
1746937893143 1.18485 1
1746937906668 1.27205 2
1746937928255 1.20022 3
1746937942728 1.05058 4
1746937955563 1.13514 5
1746937966377 1.10367 6
1746937982252 1.04789 7
1746937994274 1.07577 8
1746938005453 1.05648 9
1746938021106 1.25857 10
1746938042694 1.0939 11
1746938055340 1.20863 12
1746938066217 1.34184 13
1746938074440 1.11629 14
1746938085721 0.93875 15
1746938096175 1.05305 16
1746938106155 1.00177 17
1746938113311 1.06869 18
1746938126251 1.1136 19
1746938134628 1.16374 20
1746938146946 1.2339 21
1746938159497 1.02622 22
1746938168338 1.15749 23
1746938178320 1.15615 24
1746938190701 1.07438 25
1746938201084 1.00023 26
1746938209913 0.9784 27
1746938220616 1.01538 28
1746938233685 1.06497 29
1746938246883 0.9411 30
1746938256563 1.04982 31
1746938268278 0.95062 32
1746938279584 0.99283 33
1746938289671 0.94836 34
1746938303797 0.91894 35
1746938314783 1.00256 36
1746938326138 0.93248 37
1746938336439 0.98638 38
1746938346151 0.88455 39
1746938357498 0.91651 40
1746938369196 0.79147 41
1746938378490 0.79352 42
1746938386961 0.71586 43
1746938396061 0.8833 44
1746938404205 0.8235 45
1746938415463 0.80131 46
1746938425020 0.76975 47
1746938436562 0.78255 48
1746938444224 0.75731 49
