1746937875045 4.19655 0
1746937893143 3.1943 1
1746937906668 2.44107 2
1746937928255 1.7323 3
1746937942728 1.73903 4
1746937955563 1.6334 5
1746937966377 1.76306 6
1746937982252 1.64398 7
1746937994274 1.66536 8
1746938005453 2.41594 9
1746938021106 1.69296 10
1746938042694 1.46662 11
1746938055340 1.55238 12
1746938066217 1.85458 13
1746938074440 1.68732 14
1746938085721 1.50713 15
1746938096175 1.75573 16
1746938106155 1.53093 17
1746938113311 1.6769 18
1746938126251 1.87238 19
1746938134628 1.72466 20
1746938146946 1.66677 21
1746938159497 1.48439 22
1746938168338 1.92533 23
1746938178320 1.60844 24
1746938190701 1.3563 25
1746938201084 1.56495 26
1746938209913 1.50271 27
1746938220616 1.50104 28
1746938233685 1.20315 29
1746938246883 1.33436 30
1746938256563 1.40642 31
1746938268278 1.18393 32
1746938279584 1.33707 33
1746938289671 1.28729 34
1746938303797 1.08439 35
1746938314783 1.35987 36
1746938326138 1.38911 37
1746938336439 1.30868 38
1746938346151 1.13814 39
1746938357498 1.18512 40
1746938369196 1.22794 41
1746938378490 1.18683 42
1746938386961 1.09403 43
1746938396061 1.39967 44
1746938404205 1.21442 45
1746938415463 1.15645 46
1746938425020 1.1047 47
1746938436562 1.06568 48
1746938444224 1.16215 49
