1746937875045 1.32606 0
1746937893143 1.1 1
1746937906668 1.11339 2
1746937928255 1.04018 3
1746937942728 1.03882 4
1746937955563 1.0858 5
1746937966377 1.11958 6
1746937982252 1.1024 7
1746937994274 1.05402 8
1746938005453 1.12558 9
1746938021106 1.18888 10
1746938042694 1.0683 11
1746938055340 1.11239 12
1746938066217 1.2225 13
1746938074440 1.05185 14
1746938085721 1.00078 15
1746938096175 1.01349 16
1746938106155 1.03506 17
1746938113311 1.11232 18
1746938126251 1.0762 19
1746938134628 1.12108 20
1746938146946 1.15475 21
1746938159497 1.07793 22
1746938168338 1.14074 23
1746938178320 1.18362 24
1746938190701 1.03786 25
1746938201084 1.04491 26
1746938209913 1.05687 27
1746938220616 1.07553 28
1746938233685 1.12117 29
1746938246883 1.10306 30
1746938256563 1.12733 31
1746938268278 1.03261 32
1746938279584 1.06526 33
1746938289671 1.04264 34
1746938303797 0.9927 35
1746938314783 1.09649 36
1746938326138 1.06226 37
1746938336439 1.09911 38
1746938346151 1.02443 39
1746938357498 0.97028 40
1746938369196 0.95285 41
1746938378490 0.95966 42
1746938386961 0.92084 43
1746938396061 0.96604 44
1746938404205 0.97097 45
1746938415463 0.9677 46
1746938425020 0.93784 47
1746938436562 0.96725 48
1746938444224 0.94605 49
