1746954473158 1.80646 0
1746954483796 1.19332 1
1746954493188 1.20468 2
1746954503193 1.19462 3
1746954512351 1.01662 4
1746954521454 1.14816 5
1746954529996 1.1135 6
1746954539604 1.1485 7
1746954548990 1.1927 8
1746954557380 1.1402 9
1746954566469 1.21583 10
1746954576363 1.10783 11
1746954589649 1.0428 12
1746954600761 1.26512 13
1746954609979 1.14147 14
1746954617925 0.8669 15
1746954626407 1.09806 16
1746954634942 1.01953 17
1746954642834 1.03796 18
1746954650611 1.04362 19
1746954659196 1.01784 20
1746954674734 1.30522 21
1746954686564 0.98392 22
1746954695097 1.2026 23
1746954706275 1.14363 24
1746954717363 1.07443 25
1746954728675 1.07493 26
1746954737608 1.00973 27
1746954747859 0.97295 28
1746954759862 1.00872 29
1746954770275 1.04187 30
1746954778561 1.05126 31
1746954789660 0.93105 32
1746954801383 0.96053 33
1746954811956 0.92725 34
1746954821093 0.91114 35
1746954832403 1.00241 36
1746954843847 1.09497 37
1746954855019 0.9033 38
1746954863181 0.81297 39
1746954874472 0.80333 40
1746954885054 0.74793 41
1746954895025 0.76278 42
1746954902902 0.68486 43
1746954913514 0.79114 44
1746954925083 0.70419 45
1746954935575 0.77591 46
1746954944296 0.72018 47
1746954954403 0.72558 48
1746954964899 0.74941 49
