1746954473158 4.47832 0
1746954483796 2.4998 1
1746954493188 2.13922 2
1746954503193 1.70114 3
1746954512351 1.32446 4
1746954521454 1.27475 5
1746954529996 1.55101 6
1746954539604 1.3633 7
1746954548990 1.35261 8
1746954557380 1.54296 9
1746954566469 1.31484 10
1746954576363 1.18628 11
1746954589649 1.06707 12
1746954600761 1.11596 13
1746954609979 0.92953 14
1746954617925 0.85545 15
1746954626407 1.03288 16
1746954634942 0.9205 17
1746954642834 1.06051 18
1746954650611 0.97108 19
1746954659196 0.90261 20
1746954674734 1.06251 21
1746954686564 0.92218 22
1746954695097 1.10191 23
1746954706275 1.00634 24
1746954717363 0.8354 25
1746954728675 0.82785 26
1746954737608 0.7594 27
1746954747859 0.74675 28
1746954759862 0.72105 29
1746954770275 0.78025 30
1746954778561 0.76872 31
1746954789660 0.63203 32
1746954801383 0.71436 33
1746954811956 0.67536 34
1746954821093 0.61077 35
1746954832403 0.74823 36
1746954843847 0.91765 37
1746954855019 0.62664 38
1746954863181 0.58784 39
1746954874472 0.61505 40
1746954885054 0.61887 41
1746954895025 0.53309 42
1746954902902 0.48859 43
1746954913514 0.51828 44
1746954925083 0.48413 45
1746954935575 0.50952 46
1746954944296 0.51389 47
1746954954403 0.48682 48
1746954964899 0.49093 49
