1746954473158 1.53444 0
1746954483796 1.09795 1
1746954493188 1.11968 2
1746954503193 1.07505 3
1746954512351 1.09242 4
1746954521454 1.16108 5
1746954529996 1.20436 6
1746954539604 1.2581 7
1746954548990 1.2865 8
1746954557380 1.27661 9
1746954566469 1.2252 10
1746954576363 1.12412 11
1746954589649 1.09655 12
1746954600761 1.31238 13
1746954609979 1.17882 14
1746954617925 1.05524 15
1746954626407 1.11203 16
1746954634942 1.12711 17
1746954642834 1.10684 18
1746954650611 1.16644 19
1746954659196 1.15214 20
1746954674734 1.24547 21
1746954686564 1.08727 22
1746954695097 1.24468 23
1746954706275 1.27341 24
1746954717363 1.0875 25
1746954728675 1.25199 26
1746954737608 1.14116 27
1746954747859 1.09813 28
1746954759862 1.12829 29
1746954770275 1.19457 30
1746954778561 1.14318 31
1746954789660 1.06669 32
1746954801383 1.07941 33
1746954811956 1.07925 34
1746954821093 1.06074 35
1746954832403 1.1767 36
1746954843847 1.33582 37
1746954855019 1.11002 38
1746954863181 1.08302 39
1746954874472 1.05009 40
1746954885054 1.00954 41
1746954895025 1.03133 42
1746954902902 0.97866 43
1746954913514 1.09225 44
1746954925083 1.00393 45
1746954935575 1.04316 46
1746954944296 1.01319 47
1746954954403 1.05217 48
1746954964899 0.99685 49
