1746890122603 0.09100000000000001 0
1746890147053 0.0810307 1
1746890162728 0.0709888 2
1746890183928 0.060874300000000006 3
1746890207142 0.0506872 4
1746890220962 0.0404275 5
1746890235997 0.030095200000000003 6
1746890251927 0.0196903 7
1746890268281 0.009212800000000009 8
1746890283261 0.00703 9
1746890302464 0.0067 10
1746890319269 0.006370000000000001 11
1746890340108 0.00604 12
1746890355511 0.00571 13
1746890376212 0.00538 14
1746890398740 0.00505 15
1746890418479 0.00472 16
1746890443971 0.00439 17
1746890464786 0.00406 18
1746890481428 0.0037300000000000007 19
1746890496707 0.0034000000000000002 20
1746890512376 0.0030700000000000007 21
1746890530419 0.0027400000000000007 22
1746890554647 0.00241 23
1746890574121 0.00208 24
1746890587263 0.0017499999999999996 25
1746890606357 0.0014199999999999998 26
1746890620551 0.0010899999999999998 27
1746890637288 0.0007599999999999998 28
1746890661524 0.00043 29
