1746888614486 1.78719 0
1746888621488 1.34045 1
1746888628749 1.35168 2
1746888636167 1.26997 3
1746888644740 1.37221 4
1746888652331 1.23071 5
1746888665791 1.41973 6
1746888677084 1.23976 7
1746888695983 1.33961 8
1746888704866 1.03362 9
1746888714890 1.20233 10
1746888726183 1.4231 11
1746888736431 1.27491 12
1746888745983 1.2174 13
1746888765553 1.02357 14
1746888772675 1.16052 15
1746888788993 1.30873 16
1746888802161 1.16971 17
1746888808283 1.1005 18
1746888817538 1.25294 19
1746888835775 1.15158 20
1746888848053 0.91427 21
1746888876893 0.96917 22
1746888907020 1.17035 23
1746888927049 1.06531 24
1746888939055 1.03526 25
1746888963202 0.99431 26
1746888980142 0.84252 27
1746888994493 1.16945 28
1746889013712 0.97627 29
1746889029716 0.90436 30
1746889053116 1.05557 31
1746889081887 0.99797 32
1746889099063 0.99034 33
1746889116481 0.93833 34
1746889137565 1.06681 35
1746889157436 1.12905 36
1746889176889 0.87488 37
1746889197207 0.91397 38
1746889216359 0.91193 39
1746889239759 0.96257 40
1746889262949 0.84815 41
1746889292499 0.87825 42
1746889318708 0.82727 43
1746889335561 0.85761 44
1746889352836 0.81673 45
1746889371094 0.80144 46
1746889390948 0.85238 47
1746889407775 0.88029 48
1746889420197 0.89076 49
