1746888614486 4.34931 0
1746888621488 4.34292 1
1746888628749 3.94495 2
1746888636167 3.58742 3
1746888644740 4.55021 4
1746888652331 3.84029 5
1746888665791 2.84504 6
1746888677084 4.0593 7
1746888695983 3.01033 8
1746888704866 3.80146 9
1746888714890 2.7797 10
1746888726183 2.55028 11
1746888736431 1.94716 12
1746888745983 2.40737 13
1746888765553 2.41057 14
1746888772675 2.61212 15
1746888788993 2.80353 16
1746888802161 2.04639 17
1746888808283 2.40224 18
1746888817538 2.23594 19
1746888835775 1.98843 20
1746888848053 2.95991 21
1746888876893 2.15396 22
1746888907020 2.15306 23
1746888927049 1.65503 24
1746888939055 1.52506 25
1746888963202 1.72233 26
1746888980142 1.99826 27
1746888994493 1.68698 28
1746889013712 1.84312 29
1746889029716 1.68845 30
1746889053116 1.37473 31
1746889081887 1.32672 32
1746889099063 2.42371 33
1746889116481 1.23864 34
1746889137565 1.78082 35
1746889157436 1.61646 36
1746889176889 1.71304 37
1746889197207 1.28973 38
1746889216359 1.67278 39
1746889239759 1.34613 40
1746889262949 1.28532 41
1746889292499 1.29693 42
1746889318708 1.30649 43
1746889335561 1.55571 44
1746889352836 1.32795 45
1746889371094 1.47714 46
1746889390948 1.25876 47
1746889407775 1.21456 48
1746889420197 1.30371 49
