1746888614486 1.36262 0
1746888621488 1.19395 1
1746888628749 1.15661 2
1746888636167 1.06732 3
1746888644740 1.09677 4
1746888652331 1.01388 5
1746888665791 1.18494 6
1746888677084 1.04567 7
1746888695983 1.06157 8
1746888704866 0.87319 9
1746888714890 1.10125 10
1746888726183 1.15853 11
1746888736431 1.09599 12
1746888745983 1.12815 13
1746888765553 0.9947 14
1746888772675 1.05552 15
1746888788993 1.09926 16
1746888802161 1.09541 17
1746888808283 1.10159 18
1746888817538 1.19609 19
1746888835775 1.15936 20
1746888848053 0.93246 21
1746888876893 1.0555 22
1746888907020 1.13317 23
1746888927049 1.16588 24
1746888939055 1.05673 25
1746888963202 1.07271 26
1746888980142 0.9197 27
1746888994493 1.18121 28
1746889013712 1.04525 29
1746889029716 0.99628 30
1746889053116 1.09347 31
1746889081887 1.11319 32
1746889099063 1.04094 33
1746889116481 1.00917 34
1746889137565 1.06767 35
1746889157436 1.03984 36
1746889176889 0.95158 37
1746889197207 1.0013 38
1746889216359 1.00532 39
1746889239759 1.00578 40
1746889262949 0.97199 41
1746889292499 0.98269 42
1746889318708 0.96488 43
1746889335561 0.92721 44
1746889352836 0.9212 45
1746889371094 0.95185 46
1746889390948 0.95795 47
1746889407775 1.00713 48
1746889420197 1.00329 49
