1746939533424 1.57525 0
1746939537449 1.18485 1
1746939541185 1.27205 2
1746939545863 1.20024 3
1746939550475 1.05058 4
1746939555238 1.13589 5
1746939559129 1.1041 6
1746939562949 1.04813 7
1746939567478 1.0728 8
1746939571175 1.07035 9
1746939576355 1.27211 10
1746939580225 1.11404 11
1746939587823 1.17619 12
1746939593383 1.31417 13
1746939597205 1.11732 14
1746939600788 0.89681 15
1746939607260 1.02138 16
1746939612911 1.04828 17
1746939618194 1.05111 18
1746939621763 1.16207 19
1746939626380 1.20537 20
1746939632008 1.23675 21
1746939638235 1.01642 22
1746939642099 1.07313 23
1746939648609 1.21351 24
1746939655493 1.09082 25
1746939661757 1.0181 26
1746939667127 0.98676 27
1746939673363 1.06074 28
1746939679941 1.10932 29
1746939686572 1.07245 30
1746939690115 1.00285 31
1746939695422 0.96295 32
1746939701806 1.03438 33
1746939707023 1.05854 34
1746939710932 0.97753 35
1746939717135 1.06364 36
1746939725286 1.01643 37
1746939729424 0.95818 38
1746939733104 0.86392 39
1746939738452 0.89863 40
1746939742270 0.82881 41
1746939747662 0.80684 42
1746939751108 0.75554 43
1746939757249 0.84859 44
1746939763392 0.83313 45
1746939769578 0.79807 46
1746939773209 0.76773 47
1746939779361 0.77129 48
1746939784612 0.72649 49
