1746939533424 4.19656 0
1746939537449 3.1943 1
1746939541185 2.44107 2
1746939545863 1.73232 3
1746939550475 1.73928 4
1746939555238 1.63351 5
1746939559129 1.76215 6
1746939562949 1.6499 7
1746939567478 1.66274 8
1746939571175 2.54332 9
1746939576355 1.71456 10
1746939580225 1.53537 11
1746939587823 1.53843 12
1746939593383 1.85056 13
1746939597205 1.58391 14
1746939600788 1.48017 15
1746939607260 1.77243 16
1746939612911 1.58973 17
1746939618194 1.79276 18
1746939621763 2.01144 19
1746939626380 1.78098 20
1746939632008 1.66798 21
1746939638235 1.50746 22
1746939642099 1.81352 23
1746939648609 1.68521 24
1746939655493 1.40475 25
1746939661757 1.48992 26
1746939667127 1.45294 27
1746939673363 1.49263 28
1746939679941 1.21343 29
1746939686572 1.37918 30
1746939690115 1.33434 31
1746939695422 1.19371 32
1746939701806 1.41489 33
1746939707023 1.3504 34
1746939710932 1.14263 35
1746939717135 1.3522 36
1746939725286 1.48188 37
1746939729424 1.36391 38
1746939733104 1.13212 39
1746939738452 1.21559 40
1746939742270 1.23902 41
1746939747662 1.19591 42
1746939751108 1.07391 43
1746939757249 1.42146 44
1746939763392 1.23432 45
1746939769578 1.17477 46
1746939773209 1.14865 47
1746939779361 1.161 48
1746939784612 1.14272 49
