1746939533424 1.32606 0
1746939537449 1.1 1
1746939541185 1.11339 2
1746939545863 1.04018 3
1746939550475 1.03884 4
1746939555238 1.08589 5
1746939559129 1.11933 6
1746939562949 1.10029 7
1746939567478 1.05061 8
1746939571175 1.14782 9
1746939576355 1.1769 10
1746939580225 1.06354 11
1746939587823 1.06872 12
1746939593383 1.17734 13
1746939597205 1.05153 14
1746939600788 1.00064 15
1746939607260 1.00547 16
1746939612911 1.0554 17
1746939618194 1.11263 18
1746939621763 1.09873 19
1746939626380 1.15368 20
1746939632008 1.16908 21
1746939638235 1.09438 22
1746939642099 1.0705 23
1746939648609 1.22343 24
1746939655493 1.05572 25
1746939661757 1.055 26
1746939667127 1.05925 27
1746939673363 1.08203 28
1746939679941 1.13591 29
1746939686572 1.16377 30
1746939690115 1.08564 31
1746939695422 1.0378 32
1746939701806 1.07962 33
1746939707023 1.06099 34
1746939710932 1.01747 35
1746939717135 1.11513 36
1746939725286 1.10887 37
1746939729424 1.07305 38
1746939733104 1.00518 39
1746939738452 0.97602 40
1746939742270 0.97903 41
1746939747662 0.9695 42
1746939751108 0.95013 43
1746939757249 0.97223 44
1746939763392 0.97316 45
1746939769578 0.96558 46
1746939773209 0.95433 47
1746939779361 0.97243 48
1746939784612 0.95481 49
