1746939533424 0.0001 0
1746939537449 0.000215644 1
1746939541185 0.000326536 2
1746939545863 0.00043267599999999995 3
1746939550475 0.000534064 4
1746939555238 0.0006307 5
1746939559129 0.000722584 6
1746939562949 0.000809716 7
1746939567478 0.000892096 8
1746939571175 0.0009697240000000002 9
1746939576355 0.0010426 10
1746939580225 0.001110724 11
1746939587823 0.0011740960000000001 12
1746939593383 0.001232716 13
1746939597205 0.0012865840000000001 14
1746939600788 0.0013357 15
1746939607260 0.0013663999999999998 16
1746939612911 0.0013267999999999997 17
1746939618194 0.0012872 18
1746939621763 0.0012476 19
1746939626380 0.001208 20
1746939632008 0.0011684000000000002 21
1746939638235 0.0011288000000000001 22
1746939642099 0.0010892000000000002 23
1746939648609 0.0010496000000000001 24
1746939655493 0.00101 25
1746939661757 0.0009704 26
1746939667127 0.0009308 27
1746939673363 0.0008911999999999999 28
1746939679941 0.0008516000000000001 29
1746939686572 0.0008120000000000001 30
1746939690115 0.0007724 31
1746939695422 0.0007328 32
1746939701806 0.0006931999999999999 33
1746939707023 0.0006536 34
1746939710932 0.0006140000000000001 35
1746939717135 0.0005744000000000001 36
1746939725286 0.0005348000000000001 37
1746939729424 0.0004952 38
1746939733104 0.00045559999999999996 39
1746939738452 0.0004159999999999999 40
1746939742270 0.00037640000000000015 41
1746939747662 0.0003368000000000001 42
1746939751108 0.0002972 43
1746939757249 0.00025760000000000003 44
1746939763392 0.00021799999999999996 45
1746939769578 0.00017839999999999992 46
1746939773209 0.0001388000000000001 47
1746939779361 9.920000000000008e-05 48
1746939784612 5.9600000000000046e-05 49
