1746939533993 0.25189 0
1746939537972 0.62798 1
1746939542484 0.43175 2
1746939547151 0.40267 3
1746939551841 0.49179 4
1746939555890 0.49759 5
1746939559767 0.56896 6
1746939564231 0.61112 7
1746939568122 0.59832 8
1746939572982 0.57785 9
1746939577010 0.6264 10
1746939582611 0.68003 11
1746939590109 0.69925 12
1746939594104 0.79373 13
1746939597678 0.79373 14
1746939603632 0.55757 15
1746939609485 0.79892 16
1746939615023 0.69958 17
1746939618707 0.69958 18
1746939623115 0.78535 19
1746939628599 0.86314 20
1746939634996 0.60868 21
1746939638961 0.91753 22
1746939645366 0.6009 23
1746939652079 0.50127 24
1746939658479 0.82029 25
1746939663872 0.90022 26
1746939670204 0.61757 27
1746939676588 0.92536 28
1746939683397 0.92536 29
1746939687119 0.995 30
1746939692196 0.995 31
1746939698578 0.69651 32
1746939703877 0.99 33
1746939707563 0.99 34
1746939713918 0.91921 35
1746939720254 0.92536 36
1746939726192 0.995 37
1746939730086 0.995 38
1746939735214 0.995 39
1746939739097 0.995 40
1746939744581 0.995 41
1746939748146 0.995 42
1746939754030 0.69651 43
1746939760211 0.995 44
1746939765933 0.995 45
1746939770092 0.995 46
1746939776167 0.91921 47
1746939781410 0.995 48
1746939787632 0.61757 49
1746939790752 0.9900000000000002 49
