1746939533993 0.14581 0
1746939537972 0.35862 1
1746939542484 0.25257 2
1746939547151 0.25388 3
1746939551841 0.34299 4
1746939555890 0.31668 5
1746939559767 0.32226 6
1746939564231 0.38747 7
1746939568122 0.43548 8
1746939572982 0.41062 9
1746939577010 0.43499 10
1746939582611 0.488 11
1746939590109 0.44698 12
1746939594104 0.5541 13
1746939597678 0.5541 14
1746939603632 0.38365 15
1746939609485 0.48983 16
1746939615023 0.43533 17
1746939618707 0.43533 18
1746939623115 0.46636 19
1746939628599 0.55636 20
1746939634996 0.43379 21
1746939638961 0.63355 22
1746939645366 0.45835 23
1746939652079 0.38337 24
1746939658479 0.54146 25
1746939663872 0.62624 26
1746939670204 0.38052 27
1746939676588 0.62372 28
1746939683397 0.66159 29
1746939687119 0.71728 30
1746939692196 0.72741 31
1746939698578 0.5147 32
1746939703877 0.78561 33
1746939707563 0.78561 34
1746939713918 0.71037 35
1746939720254 0.66606 36
1746939726192 0.74108 37
1746939730086 0.74108 38
1746939735214 0.73923 39
1746939739097 0.75068 40
1746939744581 0.76431 41
1746939748146 0.76431 42
1746939754030 0.51503 43
1746939760211 0.74765 44
1746939765933 0.75693 45
1746939770092 0.75693 46
1746939776167 0.67896 47
1746939781410 0.76234 48
1746939787632 0.44773 49
1746939790752 0.7856103805555557 49
