1746939533993 0.008 0
1746939537972 0.00733 1
1746939542484 0.01698 2
1746939547151 0.47166 3
1746939551841 0.008 4
1746939555890 0.008 5
1746939559767 0.01252 6
1746939564231 0.97807 7
1746939568122 1.0 8
1746939572982 1.0 9
1746939577010 1.0 10
1746939582611 1.0 11
1746939590109 0.87845 12
1746939594104 0.7547 13
1746939597678 0.7547 14
1746939603632 0.86538 15
1746939609485 0.72971 16
1746939615023 0.66331 17
1746939618707 0.66331 18
1746939623115 0.61475 19
1746939628599 0.88151 20
1746939634996 0.86508 21
1746939638961 0.91554 22
1746939645366 0.87501 23
1746939652079 0.61898 24
1746939658479 0.74051 25
1746939663872 0.76272 26
1746939670204 0.99598 27
1746939676588 0.98073 28
1746939683397 0.99961 29
1746939687119 1.0 30
1746939692196 1.0 31
1746939698578 0.96644 32
1746939703877 0.91693 33
1746939707563 0.91693 34
1746939713918 0.9091 35
1746939720254 0.97103 36
1746939726192 0.97753 37
1746939730086 0.97753 38
1746939735214 0.98392 39
1746939739097 0.99159 40
1746939744581 1.0 41
1746939748146 1.0 42
1746939754030 1.0 43
1746939760211 1.0 44
1746939765933 1.0 45
1746939770092 1.0 46
1746939776167 0.89889 47
1746939781410 1.0 48
1746939787632 1.0 49
1746939790752 0.9165216041719918 49
