1746939533993 0.92308 0
1746939537972 0.84615 1
1746939542484 0.92308 2
1746939547151 0.38462 3
1746939551841 0.92308 4
1746939555890 0.92308 5
1746939559767 0.76923 6
1746939564231 0.53846 7
1746939568122 0.27989 8
1746939572982 0.21343 9
1746939577010 0.50841 10
1746939582611 0.50798 11
1746939590109 0.61538 12
1746939594104 0.71112 13
1746939597678 0.71112 14
1746939603632 0.49703 15
1746939609485 0.83152 16
1746939615023 0.75838 17
1746939618707 0.75838 18
1746939623115 0.73769 19
1746939628599 0.69231 20
1746939634996 0.61538 21
1746939638961 0.83476 22
1746939645366 0.61538 23
1746939652079 0.69231 24
1746939658479 0.84615 25
1746939663872 0.92308 26
1746939670204 0.61538 27
1746939676588 0.92308 28
1746939683397 0.92308 29
1746939687119 0.99929 30
1746939692196 0.98858 31
1746939698578 0.69231 32
1746939703877 1.0 33
1746939707563 1.0 34
1746939713918 0.92308 35
1746939720254 0.92308 36
1746939726192 1.0 37
1746939730086 1.0 38
1746939735214 1.0 39
1746939739097 1.0 40
1746939744581 0.99448 41
1746939748146 0.99448 42
1746939754030 0.68241 43
1746939760211 0.97892 44
1746939765933 0.97602 45
1746939770092 0.97602 46
1746939776167 0.92308 47
1746939781410 0.97254 48
1746939787632 0.59769 49
1746939790752 1.0 49
