1746943266734 0.09332 0
1746943271602 0.13437 1
1746943275427 0.20852 2
1746943279464 0.1888 3
1746943284716 0.25101 4
1746943289331 0.23287 5
1746943292970 0.22124 6
1746943296620 0.21479 7
1746943300443 0.21075 8
1746943304022 0.19994 9
1746943308113 0.20744 10
1746943311706 0.19599 11
1746943315466 0.19633 12
1746943322660 0.20229 13
1746943326513 0.26921 14
1746943330197 0.30707 15
1746943333799 0.25612 16
1746943337385 0.2736 17
1746943342117 0.26721 18
1746943349479 0.35577 19
1746943352942 0.42524 20
1746943360133 0.42746 21
1746943363752 0.35938 22
1746943367396 0.34168 23
1746943371223 0.45791 24
1746943374869 0.52887 25
1746943379287 0.55208 26
1746943383269 0.52152 27
1746943386769 0.52152 28
1746943390397 0.50748 29
1746943394180 0.528 30
1746943397762 0.59593 31
1746943401866 0.59593 32
1746943409426 0.55387 33
1746943419315 0.54657 34
1746943423599 0.5392 35
1746943435264 0.5392 36
1746943439621 0.58898 37
1746943444825 0.61082 38
1746943450265 0.64972 39
1746943454327 0.64972 40
1746943459804 0.61439 41
1746943468250 0.67416 42
1746943472485 0.67505 43
1746943475840 0.67505 44
1746943483950 0.6755 45
1746943490394 0.68509 46
1746943497451 0.46941 47
1746943501959 0.684 48
1746943505691 0.67615 49
1746943508582 0.6850850192451211 49
