1746943266734 0.19221 0
1746943271602 0.21425 1
1746943275427 0.28511 2
1746943279464 0.30826 3
1746943284716 0.36319 4
1746943289331 0.34691 5
1746943292970 0.29334 6
1746943296620 0.27514 7
1746943300443 0.26474 8
1746943304022 0.26423 9
1746943308113 0.25814 10
1746943311706 0.24776 11
1746943315466 0.25293 12
1746943322660 0.29234 13
1746943326513 0.38094 14
1746943330197 0.40603 15
1746943333799 0.35305 16
1746943337385 0.37077 17
1746943342117 0.38942 18
1746943349479 0.48784 19
1746943352942 0.54275 20
1746943360133 0.53973 21
1746943363752 0.44861 22
1746943367396 0.43061 23
1746943371223 0.56852 24
1746943374869 0.72915 25
1746943379287 0.73491 26
1746943383269 0.72508 27
1746943386769 0.72508 28
1746943390397 0.68574 29
1746943394180 0.74696 30
1746943397762 0.83913 31
1746943401866 0.83913 32
1746943409426 0.86724 33
1746943419315 0.91298 34
1746943423599 0.90262 35
1746943435264 0.90262 36
1746943439621 0.91298 37
1746943444825 0.92529 38
1746943450265 0.92529 39
1746943454327 0.92529 40
1746943459804 0.92529 41
1746943468250 0.92529 42
1746943472485 0.92576 43
1746943475840 0.92576 44
1746943483950 0.9258 45
1746943490394 0.92588 46
1746943497451 0.61772 47
1746943501959 0.92591 48
1746943505691 0.92592 49
1746943508582 0.9258834951456311 49
