1746943266734 0.008 0
1746943271602 0.008 1
1746943275427 0.008 2
1746943279464 0.008 3
1746943284716 0.008 4
1746943289331 0.008 5
1746943292970 0.008 6
1746943296620 0.00867 7
1746943300443 0.00867 8
1746943304022 0.01609 9
1746943308113 0.00867 10
1746943311706 0.008 11
1746943315466 0.88295 12
1746943322660 0.92531 13
1746943326513 0.82087 14
1746943330197 0.79471 15
1746943333799 0.94154 16
1746943337385 0.96703 17
1746943342117 0.97379 18
1746943349479 0.76854 19
1746943352942 0.89574 20
1746943360133 0.86292 21
1746943363752 1.0 22
1746943367396 0.62137 23
1746943371223 0.73017 24
1746943374869 1.0 25
1746943379287 0.8926 26
1746943383269 0.73714 27
1746943386769 0.73714 28
1746943390397 0.66946 29
1746943394180 0.73851 30
1746943397762 0.90861 31
1746943401866 0.90861 32
1746943409426 0.89604 33
1746943419315 0.98017 34
1746943423599 0.91968 35
1746943435264 0.91968 36
1746943439621 0.94053 37
1746943444825 1.0 38
1746943450265 0.96212 39
1746943454327 0.96212 40
1746943459804 0.96631 41
1746943468250 0.93705 42
1746943472485 0.95032 43
1746943475840 0.95032 44
1746943483950 0.95497 45
1746943490394 0.96956 46
1746943497451 0.94743 47
1746943501959 0.96591 48
1746943505691 0.96311 49
1746943508582 0.9701700998425729 49
