1746943266734 0.92308 0
1746943271602 0.92308 1
1746943275427 0.92308 2
1746943279464 0.92308 3
1746943284716 0.92308 4
1746943289331 0.92308 5
1746943292970 0.92308 6
1746943296620 1.0 7
1746943300443 1.0 8
1746943304022 0.74333 9
1746943308113 1.0 10
1746943311706 0.92308 11
1746943315466 0.23077 12
1746943322660 0.23077 13
1746943326513 0.23077 14
1746943330197 0.23077 15
1746943333799 0.23077 16
1746943337385 0.23077 17
1746943342117 0.23077 18
1746943349479 0.46154 19
1746943352942 0.46154 20
1746943360133 0.46154 21
1746943363752 0.29201 22
1746943367396 0.30769 23
1746943371223 0.30769 24
1746943374869 0.45764 25
1746943379287 0.64107 26
1746943383269 0.64877 27
1746943386769 0.64877 28
1746943390397 0.62377 29
1746943394180 0.6534 30
1746943397762 0.76514 31
1746943401866 0.76514 32
1746943409426 0.76923 33
1746943419315 0.76923 34
1746943423599 0.76923 35
1746943435264 0.76923 36
1746943439621 0.76923 37
1746943444825 0.9199 38
1746943450265 0.92308 39
1746943454327 0.92308 40
1746943459804 0.92308 41
1746943468250 0.92308 42
1746943472485 0.92308 43
1746943475840 0.92308 44
1746943483950 0.92308 45
1746943490394 0.92308 46
1746943497451 0.61538 47
1746943501959 0.92308 48
1746943505691 0.92308 49
1746943508582 0.9230769230769231 49
