1746954987192 0.0001 0
1746954994382 0.000217822 1
1746955002900 0.000333268 2
1746955012026 0.000446338 3
1746955020441 0.000557032 4
1746955028944 0.0006653500000000001 5
1746955037964 0.0007712919999999999 6
1746955047909 0.0008748580000000001 7
1746955056716 0.0009760480000000001 8
1746955067321 0.001074862 9
1746955078437 0.0011713000000000001 10
1746955092495 0.001265362 11
1746955106023 0.001357048 12
1746955119099 0.0014463579999999998 13
1746955133263 0.0015332920000000001 14
1746955141122 0.00161785 15
1746955153908 0.0016832000000000001 16
1746955164388 0.0016634 17
1746955174005 0.0016436000000000003 18
1746955181262 0.0016238000000000001 19
1746955190708 0.0016040000000000002 20
1746955201719 0.0015842 21
1746955212184 0.0015644 22
1746955220960 0.0015446 23
1746955232160 0.0015248 24
1746955243729 0.0015049999999999998 25
1746955255872 0.0014852 26
1746955265280 0.0014654000000000002 27
1746955276734 0.0014456 28
1746955289554 0.0014258 29
1746955301336 0.001406 30
1746955309010 0.0013862 31
1746955321155 0.0013663999999999998 32
1746955333523 0.0013465999999999999 33
1746955344309 0.0013267999999999997 34
1746955353396 0.001307 35
1746955364592 0.0012872 36
1746955378833 0.0012674000000000001 37
1746955390771 0.0012476 38
1746955398483 0.0012278 39
1746955414601 0.001208 40
1746955429396 0.0011882000000000002 41
1746955444097 0.0011684000000000002 42
1746955454852 0.0011486 43
1746955469938 0.0011288000000000001 44
1746955483233 0.001109 45
1746955497907 0.0010892000000000002 46
1746955511548 0.0010694 47
1746955526954 0.0010496000000000001 48
1746955540597 0.0010298 49
1746955554851 0.00101 50
1746955567224 0.0009901999999999999 51
1746955582089 0.0009704 52
1746955594982 0.0009506 53
1746955610948 0.0009308 54
1746955622451 0.0009109999999999999 55
1746955636397 0.0008911999999999999 56
1746955653235 0.0008714 57
1746955668338 0.0008516000000000001 58
1746955683355 0.0008318000000000002 59
1746955697505 0.0008120000000000001 60
1746955711076 0.0007922000000000001 61
1746955725838 0.0007724 62
1746955742096 0.0007526000000000001 63
1746955755791 0.0007328 64
1746955771435 0.000713 65
1746955786602 0.0006931999999999999 66
1746955797036 0.0006733999999999999 67
1746955809036 0.0006536 68
1746955822106 0.0006338000000000001 69
1746955840006 0.0006140000000000001 70
1746955854633 0.0005942 71
1746955867414 0.0005744000000000001 72
1746955881063 0.0005546000000000001 73
1746955893644 0.0005348000000000001 74
1746955904537 0.000515 75
1746955920028 0.0004952 76
1746955934454 0.0004754 77
1746955947653 0.00045559999999999996 78
1746955959042 0.00043579999999999997 79
1746955972621 0.0004159999999999999 80
1746955986440 0.00039619999999999987 81
1746955996692 0.00037640000000000015 82
1746956007127 0.0003566000000000001 83
1746956019008 0.0003368000000000001 84
1746956033025 0.00031700000000000006 85
1746956046945 0.0002972 86
1746956063174 0.0002774 87
1746956076720 0.00025760000000000003 88
1746956089470 0.00023779999999999995 89
1746956103282 0.00021799999999999996 90
1746956117427 0.00019819999999999994 91
1746956129366 0.00017839999999999992 92
1746956142026 0.00015859999999999987 93
1746956153810 0.0001388000000000001 94
1746956163852 0.0001190000000000001 95
1746956174524 9.920000000000008e-05 96
1746956188135 7.940000000000006e-05 97
1746956199526 5.9600000000000046e-05 98
1746956212456 3.980000000000002e-05 99
