1746890122603 1.47377 0
1746890147053 1.26133 1
1746890162728 1.13176 2
1746890183928 1.21263 3
1746890207142 1.24553 4
1746890220962 1.38616 5
1746890235997 1.10495 6
1746890251927 1.16544 7
1746890268281 1.20463 8
1746890283261 1.13485 9
1746890302464 1.27139 10
1746890319269 1.10072 11
1746890340108 1.04978 12
1746890355511 1.11887 13
1746890376212 1.10764 14
1746890398740 1.14334 15
1746890418479 1.05628 16
1746890443971 1.10145 17
1746890464786 1.19375 18
1746890481428 1.07228 19
1746890496707 1.00467 20
1746890512376 0.88591 21
1746890530419 0.86194 22
1746890554647 0.89086 23
1746890574121 0.86727 24
1746890587263 0.82293 25
1746890606357 0.93696 26
1746890620551 0.84241 27
1746890637288 0.8187 28
1746890661524 0.83501 29
