1746890122603 3.76028 0
1746890147053 3.88289 1
1746890162728 3.48887 2
1746890183928 3.30794 3
1746890207142 3.09723 4
1746890220962 2.88474 5
1746890235997 2.36769 6
1746890251927 1.90881 7
1746890268281 5.20002 8
1746890283261 2.42222 9
1746890302464 2.34794 10
1746890319269 1.96164 11
1746890340108 1.79422 12
1746890355511 1.86202 13
1746890376212 1.67428 14
1746890398740 1.39707 15
1746890418479 1.57058 16
1746890443971 1.58031 17
1746890464786 1.56269 18
1746890481428 1.99377 19
1746890496707 1.68136 20
1746890512376 1.54219 21
1746890530419 1.60376 22
1746890554647 1.54563 23
1746890574121 1.57231 24
1746890587263 1.55755 25
1746890606357 1.56591 26
1746890620551 1.5126 27
1746890637288 1.42545 28
1746890661524 1.38017 29
