1746890122603 1.21913 0
1746890147053 1.18418 1
1746890162728 1.14168 2
1746890183928 1.08359 3
1746890207142 1.08139 4
1746890220962 1.16996 5
1746890235997 1.08585 6
1746890251927 1.03713 7
1746890268281 0.99236 8
1746890283261 1.00161 9
1746890302464 1.0864 10
1746890319269 1.02095 11
1746890340108 0.99653 12
1746890355511 1.06622 13
1746890376212 1.08258 14
1746890398740 1.03219 15
1746890418479 1.00218 16
1746890443971 1.02784 17
1746890464786 1.09021 18
1746890481428 1.04906 19
1746890496707 1.01467 20
1746890512376 0.99225 21
1746890530419 0.95746 22
1746890554647 0.97185 23
1746890574121 0.96062 24
1746890587263 0.96452 25
1746890606357 1.01199 26
1746890620551 0.96901 27
1746890637288 0.95349 28
1746890661524 0.94296 29
