1746941795722 4e-05 0
1746941800568 9.901e-05 1
1746941804407 0.000156832 2
1746941808216 0.000213466 3
1746941812128 0.000268912 4
1746941824989 0.00032317000000000007 5
1746941829922 0.00037623999999999996 6
1746941834035 0.000428122 7
1746941837908 0.000478816 8
1746941845492 0.000528322 9
1746941853320 0.00057664 10
1746941858089 0.0006237699999999999 11
1746941861669 0.0006697119999999999 12
1746941866501 0.000714466 13
1746941871290 0.0007580320000000001 14
1746941878432 0.0008004100000000001 15
1746941882231 0.0008416000000000001 16
1746941888867 0.000881602 17
1746941893646 0.0009204160000000002 18
1746941897346 0.0009580420000000002 19
1746941901913 0.00099448 20
1746941909201 0.0010297300000000002 21
1746941916790 0.001063792 22
1746941920397 0.001096666 23
1746941927429 0.001128352 24
1746941931586 0.00115885 25
1746941940462 0.0011881600000000002 26
1746941948005 0.0012162820000000002 27
1746941953592 0.0012432160000000001 28
1746941957015 0.0012689620000000002 29
1746941966632 0.0012935199999999998 30
1746941971474 0.00131689 31
1746941978201 0.0013390719999999997 32
1746941984950 0.0013465999999999999 33
1746941988609 0.0013267999999999997 34
1746941992093 0.001307 35
1746941999223 0.0012872 36
1746942005644 0.0012674000000000001 37
1746942012704 0.0012476 38
1746942019890 0.0012278 39
1746942037011 0.001208 40
1746942052400 0.0011882000000000002 41
1746942068586 0.0011684000000000002 42
1746942084689 0.0011486 43
1746942101530 0.0011288000000000001 44
1746942114981 0.001109 45
1746942129839 0.0010892000000000002 46
1746942142230 0.0010694 47
1746942161519 0.0010496000000000001 48
1746942180578 0.0010298 49
1746942199781 0.00101 50
1746942218673 0.0009901999999999999 51
1746942235812 0.0009704 52
1746942248621 0.0009506 53
1746942268115 0.0009308 54
1746942288223 0.0009109999999999999 55
1746942302031 0.0008911999999999999 56
1746942319042 0.0008714 57
1746942338714 0.0008516000000000001 58
1746942358025 0.0008318000000000002 59
1746942374119 0.0008120000000000001 60
1746942389360 0.0007922000000000001 61
1746942410804 0.0007724 62
1746942424537 0.0007526000000000001 63
1746942437340 0.0007328 64
1746942446113 0.000713 65
1746942460123 0.0006931999999999999 66
1746942475261 0.0006733999999999999 67
1746942485192 0.0006536 68
1746942505445 0.0006338000000000001 69
1746942520343 0.0006140000000000001 70
1746942537499 0.0005942 71
1746942552719 0.0005744000000000001 72
1746942576486 0.0005546000000000001 73
1746942595807 0.0005348000000000001 74
1746942609455 0.000515 75
1746942623931 0.0004952 76
1746942643089 0.0004754 77
1746942660557 0.00045559999999999996 78
1746942677897 0.00043579999999999997 79
1746942690989 0.0004159999999999999 80
1746942706860 0.00039619999999999987 81
1746942730108 0.00037640000000000015 82
1746942741176 0.0003566000000000001 83
1746942755496 0.0003368000000000001 84
1746942768208 0.00031700000000000006 85
1746942782387 0.0002972 86
1746942801477 0.0002774 87
1746942815648 0.00025760000000000003 88
1746942833525 0.00023779999999999995 89
1746942851935 0.00021799999999999996 90
1746942868482 0.00019819999999999994 91
1746942881777 0.00017839999999999992 92
1746942894424 0.00015859999999999987 93
1746942907148 0.0001388000000000001 94
1746942918857 0.0001190000000000001 95
1746942940471 9.920000000000008e-05 96
1746942949484 7.940000000000006e-05 97
1746942962579 5.9600000000000046e-05 98
1746942973953 3.980000000000002e-05 99
