1746953702314 0.09758 0
1746953706943 0.16398 1
1746953713811 0.49288 2
1746953720016 0.48527 3
1746953726447 0.51332 4
1746953731349 0.44799 5
1746953735974 0.45362 6
1746953740278 0.48681 7
1746953744625 0.40971 8
1746953748869 0.38435 9
1746953753855 0.32564 10
1746953758959 0.29666 11
1746953763312 0.1805 12
1746953767387 0.17098 13
1746953771661 0.22074 14
1746953775783 0.24115 15
1746953780347 0.17302 16
1746953784227 0.16608 17
1746953787889 0.26949 18
1746953791867 0.32927 19
1746953796364 0.33805 20
1746953800189 0.33371 21
1746953803676 0.30998 22
1746953807454 0.30497 23
1746953811396 0.39627 24
1746953816239 0.54153 25
1746953821603 0.54676 26
1746953826363 0.61041 27
1746953831060 0.61041 28
1746953835791 0.6241 29
1746953841380 0.60494 30
1746953846284 0.63328 31
1746953850803 0.63328 32
1746953856383 0.61962 33
1746953861190 0.66029 34
1746953868687 0.63653 35
1746953875011 0.63653 36
1746953880421 0.541 37
1746953887560 0.43632 38
1746953893738 0.55506 39
1746953899600 0.55506 40
1746953909180 0.61339 41
1746953915410 0.62824 42
1746953921237 0.61358 43
1746953925166 0.61358 44
1746953930873 0.61965 45
1746953936542 0.58598 46
1746953943789 0.62855 47
1746953947772 0.62855 48
1746953953955 0.64909 49
1746953960306 0.63057 50
1746953966072 0.61521 51
1746953970123 0.61521 52
1746953976953 0.61825 53
1746953984883 0.62745 54
1746953990838 0.66507 55
1746953994697 0.66507 56
1746953999909 0.71937 57
1746954007190 0.63848 58
1746954014494 0.616 59
1746954020122 0.678 60
1746954029300 0.62417 61
1746954034624 0.69044 62
1746954041094 0.73061 63
1746954048021 0.73061 64
1746954056549 0.74588 65
1746954063232 0.74038 66
1746954069568 0.6779 67
1746954074177 0.73301 68
1746954083419 0.67449 69
1746954092204 0.75433 70
1746954098669 0.75605 71
1746954102404 0.75605 72
1746954108269 0.76202 73
1746954114714 0.69334 74
1746954121704 0.68713 75
1746954128358 0.75803 76
1746954135712 0.75487 77
1746954141898 0.74552 78
1746954149118 0.74982 79
1746954152749 0.74982 80
1746954158847 0.74224 81
1746954164686 0.73026 82
1746954171559 0.49493 83
1746954176174 0.73462 84
1746954184209 0.72442 85
1746954192344 0.50579 86
1746954201200 0.72602 87
1746954205873 0.72602 88
1746954212615 0.74588 89
1746954218977 0.74988 90
1746954225680 0.75208 91
1746954229332 0.75208 92
1746954234982 0.68454 93
1746954240292 0.74427 94
1746954247205 0.67867 95
1746954254474 0.74677 96
1746954260726 0.76186 97
1746954267197 0.76186 98
1746954273657 0.75635 99
1746954277481 0.7618599445 99
