1746953702314 0.20274 0
1746953706943 0.28387 1
1746953713811 0.77692 2
1746953720016 0.77834 3
1746953726447 0.80766 4
1746953731349 0.76928 5
1746953735974 0.76919 6
1746953740278 0.76895 7
1746953744625 0.69558 8
1746953748869 0.57115 9
1746953753855 0.51316 10
1746953758959 0.49117 11
1746953763312 0.4091 12
1746953767387 0.37438 13
1746953771661 0.32431 14
1746953775783 0.3754 15
1746953780347 0.32839 16
1746953784227 0.30461 17
1746953787889 0.45551 18
1746953791867 0.54115 19
1746953796364 0.53248 20
1746953800189 0.47418 21
1746953803676 0.43763 22
1746953807454 0.45779 23
1746953811396 0.60697 24
1746953816239 0.75774 25
1746953821603 0.84074 26
1746953826363 0.88291 27
1746953831060 0.88291 28
1746953835791 0.88873 29
1746953841380 0.89273 30
1746953846284 0.93029 31
1746953850803 0.93029 32
1746953856383 0.91679 33
1746953861190 0.90193 34
1746953868687 0.91841 35
1746953875011 0.91841 36
1746953880421 0.7759 37
1746953887560 0.6743 38
1746953893738 0.71061 39
1746953899600 0.71061 40
1746953909180 0.84938 41
1746953915410 0.9072 42
1746953921237 0.92628 43
1746953925166 0.92628 44
1746953930873 0.93607 45
1746953936542 0.92092 46
1746953943789 0.84678 47
1746953947772 0.84678 48
1746953953955 0.87294 49
1746953960306 0.876 50
1746953966072 0.86943 51
1746953970123 0.86943 52
1746953976953 0.88861 53
1746953984883 0.88583 54
1746953990838 0.89095 55
1746953994697 0.89095 56
1746953999909 0.94665 57
1746954007190 0.90727 58
1746954014494 0.90536 59
1746954020122 0.97556 60
1746954029300 0.90536 61
1746954034624 0.95468 62
1746954041094 0.975 63
1746954048021 0.975 64
1746954056549 0.99 65
1746954063232 0.995 66
1746954069568 0.92536 67
1746954074177 0.995 68
1746954083419 0.92536 69
1746954092204 0.99 70
1746954098669 0.98567 71
1746954102404 0.98567 72
1746954108269 0.98188 73
1746954114714 0.9027 74
1746954121704 0.9027 75
1746954128358 0.97572 76
1746954135712 0.97238 77
1746954141898 0.97556 78
1746954149118 0.97853 79
1746954152749 0.97853 80
1746954158847 0.97853 81
1746954164686 0.98188 82
1746954171559 0.69651 83
1746954176174 0.99 84
1746954184209 0.99 85
1746954192344 0.69651 86
1746954201200 0.995 87
1746954205873 0.995 88
1746954212615 0.995 89
1746954218977 0.995 90
1746954225680 0.995 91
1746954229332 0.995 92
1746954234982 0.92536 93
1746954240292 0.995 94
1746954247205 0.92536 95
1746954254474 0.995 96
1746954260726 0.995 97
1746954267197 0.995 98
1746954273657 0.995 99
1746954277481 0.995 99
