1746953702314 0.008 0
1746953706943 0.00733 1
1746953713811 0.008 2
1746953720016 0.00733 3
1746953726447 0.00867 4
1746953731349 0.00867 5
1746953735974 0.00867 6
1746953740278 0.00867 7
1746953744625 0.013 8
1746953748869 0.01308 9
1746953753855 0.00867 10
1746953758959 0.00867 11
1746953763312 0.74586 12
1746953767387 0.73619 13
1746953771661 0.74265 14
1746953775783 0.84755 15
1746953780347 0.92174 16
1746953784227 1.0 17
1746953787889 1.0 18
1746953791867 1.0 19
1746953796364 1.0 20
1746953800189 1.0 21
1746953803676 1.0 22
1746953807454 0.83726 23
1746953811396 0.83262 24
1746953816239 0.77973 25
1746953821603 0.77376 26
1746953826363 0.91208 27
1746953831060 0.91208 28
1746953835791 0.91496 29
1746953841380 0.91698 30
1746953846284 1.0 31
1746953850803 1.0 32
1746953856383 0.85557 33
1746953861190 0.92201 34
1746953868687 0.83085 35
1746953875011 0.83085 36
1746953880421 0.66988 37
1746953887560 0.67626 38
1746953893738 0.71904 39
1746953899600 0.71904 40
1746953909180 0.91462 41
1746953915410 0.96093 42
1746953921237 0.8974 43
1746953925166 0.8974 44
1746953930873 0.85617 45
1746953936542 0.79835 46
1746953943789 0.74468 47
1746953947772 0.74468 48
1746953953955 0.87267 49
1746953960306 0.90831 50
1746953966072 0.95694 51
1746953970123 0.95694 52
1746953976953 0.81966 53
1746953984883 0.84936 54
1746953990838 0.84732 55
1746953994697 0.84732 56
1746953999909 0.91427 57
1746954007190 0.90786 58
1746954014494 1.0 59
1746954020122 1.0 60
1746954029300 0.99374 61
1746954034624 0.92212 62
1746954041094 0.86467 63
1746954048021 0.86467 64
1746954056549 1.0 65
1746954063232 0.99123 66
1746954069568 1.0 67
1746954074177 1.0 68
1746954083419 1.0 69
1746954092204 1.0 70
1746954098669 1.0 71
1746954102404 1.0 72
1746954108269 1.0 73
1746954114714 0.89459 74
1746954121704 0.90166 75
1746954128358 0.90943 76
1746954135712 0.91262 77
1746954141898 1.0 78
1746954149118 1.0 79
1746954152749 1.0 80
1746954158847 0.99711 81
1746954164686 0.99365 82
1746954171559 1.0 83
1746954176174 0.99345 84
1746954184209 0.99429 85
1746954192344 1.0 86
1746954201200 1.0 87
1746954205873 1.0 88
1746954212615 1.0 89
1746954218977 1.0 90
1746954225680 1.0 91
1746954229332 1.0 92
1746954234982 1.0 93
1746954240292 1.0 94
1746954247205 1.0 95
1746954254474 1.0 96
1746954260726 1.0 97
1746954267197 1.0 98
1746954273657 1.0 99
1746954277481 1.0 99
