1746953702314 0.92308 0
1746953706943 0.84615 1
1746953713811 0.92308 2
1746953720016 0.84615 3
1746953726447 1.0 4
1746953731349 1.0 5
1746953735974 1.0 6
1746953740278 1.0 7
1746953744625 0.83672 8
1746953748869 0.92308 9
1746953753855 1.0 10
1746953758959 1.0 11
1746953763312 0.38462 12
1746953767387 0.21802 13
1746953771661 0.23077 14
1746953775783 0.23077 15
1746953780347 0.23077 16
1746953784227 0.22337 17
1746953787889 0.20319 18
1746953791867 0.20497 19
1746953796364 0.22706 20
1746953800189 0.22923 21
1746953803676 0.23033 22
1746953807454 0.30769 23
1746953811396 0.38296 24
1746953816239 0.54522 25
1746953821603 0.79039 26
1746953826363 0.79953 27
1746953831060 0.79953 28
1746953835791 0.82881 29
1746953841380 0.84989 30
1746953846284 0.88907 31
1746953850803 0.88907 32
1746953856383 0.92308 33
1746953861190 0.91032 34
1746953868687 0.92308 35
1746953875011 0.92308 36
1746953880421 0.7811 37
1746953887560 0.69231 38
1746953893738 0.59215 39
1746953899600 0.59215 40
1746953909180 0.82536 41
1746953915410 0.84615 42
1746953921237 0.84615 43
1746953925166 0.84615 44
1746953930873 0.91624 45
1746953936542 0.84615 46
1746953943789 0.92308 47
1746953947772 0.92308 48
1746953953955 0.76923 49
1746953960306 0.76266 50
1746953966072 0.69231 51
1746953970123 0.69231 52
1746953976953 0.92308 53
1746953984883 0.92308 54
1746953990838 0.92308 55
1746953994697 0.92308 56
1746953999909 0.92308 57
1746954007190 0.84615 58
1746954014494 0.84613 59
1746954020122 0.92174 60
1746954029300 0.84615 61
1746954034624 0.91158 62
1746954041094 0.98387 63
1746954048021 0.98387 64
1746954056549 0.91614 65
1746954063232 1.0 66
1746954069568 0.90162 67
1746954074177 0.97793 68
1746954083419 0.90939 69
1746954092204 0.92185 70
1746954098669 0.91995 71
1746954102404 0.91995 72
1746954108269 0.91661 73
1746954114714 0.84615 74
1746954121704 0.84615 75
1746954128358 0.92308 76
1746954135712 0.92308 77
1746954141898 0.90882 78
1746954149118 0.91169 79
1746954152749 0.91169 80
1746954158847 0.92308 81
1746954164686 0.92308 82
1746954171559 0.68634 83
1746954176174 0.92308 84
1746954184209 0.92308 85
1746954192344 0.68745 86
1746954201200 0.99522 87
1746954205873 0.99522 88
1746954212615 0.99551 89
1746954218977 0.99584 90
1746954225680 0.99581 91
1746954229332 0.99581 92
1746954234982 0.9191 93
1746954240292 0.99497 94
1746954247205 0.91746 95
1746954254474 0.99423 96
1746954260726 0.99383 97
1746954267197 0.99361 98
1746954273657 0.99344 99
1746954277481 0.9936064982618487 99
