1746939826557 0.0001 0
1746939830361 0.000217822 1
1746939834032 0.000333268 2
1746939838579 0.000446338 3
1746939842998 0.000557032 4
1746939847498 0.0006653500000000001 5
1746939851947 0.0007712919999999999 6
1746939855527 0.0008748580000000001 7
1746939859018 0.0009760480000000001 8
1746939862552 0.001074862 9
1746939866610 0.0011713000000000001 10
1746939870405 0.001265362 11
1746939875781 0.001357048 12
1746939880285 0.0014463579999999998 13
1746939885695 0.0015332920000000001 14
1746939889159 0.00161785 15
1746939894683 0.0016832000000000001 16
1746939899103 0.0016634 17
1746939902497 0.0016436000000000003 18
1746939906312 0.0016238000000000001 19
1746939911935 0.0016040000000000002 20
1746939915579 0.0015842 21
1746939919264 0.0015644 22
1746939922907 0.0015446 23
1746939926488 0.0015248 24
1746939932571 0.0015049999999999998 25
1746939938822 0.0014852 26
1746939945310 0.0014654000000000002 27
1746939951972 0.0014456 28
1746939958192 0.0014258 29
1746939964137 0.001406 30
1746939980383 0.0013862 31
1746939993684 0.0013663999999999998 32
1746940000618 0.0013465999999999999 33
1746940007463 0.0013267999999999997 34
1746940015723 0.001307 35
1746940021873 0.0012872 36
1746940028459 0.0012674000000000001 37
1746940034692 0.0012476 38
1746940040021 0.0012278 39
1746940047243 0.001208 40
1746940053754 0.0011882000000000002 41
1746940060037 0.0011684000000000002 42
1746940065825 0.0011486 43
1746940071575 0.0011288000000000001 44
1746940078038 0.001109 45
1746940084421 0.0010892000000000002 46
1746940088120 0.0010694 47
1746940094631 0.0010496000000000001 48
1746940100851 0.0010298 49
1746940109566 0.00101 50
1746940116160 0.0009901999999999999 51
1746940122258 0.0009704 52
1746940128530 0.0009506 53
1746940135147 0.0009308 54
1746940141411 0.0009109999999999999 55
1746940147829 0.0008911999999999999 56
1746940157693 0.0008714 57
1746940164029 0.0008516000000000001 58
1746940173010 0.0008318000000000002 59
1746940179348 0.0008120000000000001 60
1746940186689 0.0007922000000000001 61
1746940193038 0.0007724 62
1746940196847 0.0007526000000000001 63
1746940205598 0.0007328 64
1746940216176 0.000713 65
1746940223592 0.0006931999999999999 66
1746940227380 0.0006733999999999999 67
1746940233273 0.0006536 68
1746940242792 0.0006338000000000001 69
1746940248494 0.0006140000000000001 70
1746940256761 0.0005942 71
1746940263064 0.0005744000000000001 72
1746940270466 0.0005546000000000001 73
1746940276637 0.0005348000000000001 74
1746940283300 0.000515 75
1746940290024 0.0004952 76
1746940298016 0.0004754 77
1746940304201 0.00045559999999999996 78
1746940309462 0.00043579999999999997 79
1746940316148 0.0004159999999999999 80
1746940321774 0.00039619999999999987 81
1746940328101 0.00037640000000000015 82
1746940334318 0.0003566000000000001 83
1746940340580 0.0003368000000000001 84
1746940346251 0.00031700000000000006 85
1746940352988 0.0002972 86
1746940357661 0.0002774 87
1746940366707 0.00025760000000000003 88
1746940375408 0.00023779999999999995 89
1746940381724 0.00021799999999999996 90
1746940386796 0.00019819999999999994 91
1746940392334 0.00017839999999999992 92
1746940398431 0.00015859999999999987 93
1746940405110 0.0001388000000000001 94
1746940409030 0.0001190000000000001 95
1746940415236 9.920000000000008e-05 96
1746940421471 7.940000000000006e-05 97
1746940427625 5.9600000000000046e-05 98
1746940432882 3.980000000000002e-05 99
