1746936841833 1.4668 0
1746936846527 1.29691 1
1746936851316 1.17329 2
1746936855494 1.13963 3
1746936860649 1.2425 4
1746936866461 1.23979 5
1746936871557 1.20397 6
1746936877278 1.28606 7
1746936884441 1.13098 8
1746936889691 1.31228 9
1746936897382 1.3898 10
1746936903868 1.19266 11
1746936908848 1.24493 12
1746936915666 1.30001 13
1746936922232 1.22094 14
1746936928906 1.18737 15
1746936935705 1.1873 16
1746936942343 1.21639 17
1746936950115 1.3303 18
1746936955739 1.24063 19
1746936961377 1.17869 20
1746936967578 1.18459 21
1746936971470 1.10506 22
1746936978038 1.0903 23
1746936984629 1.13373 24
1746936989677 1.16862 25
1746936995616 1.09618 26
1746937002610 1.07968 27
1746937007867 1.06607 28
1746937013995 1.0485 29
1746937019655 1.01442 30
1746937023594 1.05705 31
1746937028853 1.06662 32
1746937036116 1.04358 33
1746937042274 1.0352 34
1746937048760 1.06777 35
1746937054023 1.03858 36
1746937060672 0.87246 37
1746937064704 0.96845 38
1746937070566 0.91233 39
1746937076396 0.9179 40
1746937080147 0.84146 41
1746937086561 0.85749 42
1746937092788 0.78179 43
1746937096762 0.81247 44
1746937103021 0.75958 45
1746937107960 0.78905 46
1746937111806 0.8324 47
1746937117877 0.78327 48
1746937124449 0.82142 49
