1746936841833 3.58502 0
1746936846527 3.28359 1
1746936851316 2.42882 2
1746936855494 2.38761 3
1746936860649 2.29739 4
1746936866461 2.43984 5
1746936871557 2.35048 6
1746936877278 2.06555 7
1746936884441 5.18965 8
1746936889691 2.59592 9
1746936897382 2.68997 10
1746936903868 2.38504 11
1746936908848 2.01696 12
1746936915666 2.04982 13
1746936922232 1.85744 14
1746936928906 1.54714 15
1746936935705 1.85186 16
1746936942343 1.76616 17
1746936950115 1.82009 18
1746936955739 2.24629 19
1746936961377 2.03853 20
1746936967578 1.60728 21
1746936971470 1.71677 22
1746936978038 1.78309 23
1746936984629 1.86292 24
1746936989677 1.51665 25
1746936995616 2.07617 26
1746937002610 1.82454 27
1746937007867 1.45996 28
1746937013995 1.44462 29
1746937019655 1.32469 30
1746937023594 1.52994 31
1746937028853 1.40071 32
1746937036116 1.71744 33
1746937042274 1.41455 34
1746937048760 1.31472 35
1746937054023 1.49611 36
1746937060672 1.29792 37
1746937064704 1.38398 38
1746937070566 1.2923 39
1746937076396 1.34483 40
1746937080147 1.37485 41
1746937086561 1.31547 42
1746937092788 1.22422 43
1746937096762 1.42179 44
1746937103021 1.31735 45
1746937107960 1.4911 46
1746937111806 1.25073 47
1746937117877 1.23616 48
1746937124449 1.31014 49
