1746936841833 1.2033 0
1746936846527 1.17501 1
1746936851316 1.10891 2
1746936855494 1.07638 3
1746936860649 1.16473 4
1746936866461 1.21684 5
1746936871557 1.26305 6
1746936877278 1.26661 7
1746936884441 1.13597 8
1746936889691 1.24719 9
1746936897382 1.26894 10
1746936903868 1.2021 11
1746936908848 1.17134 12
1746936915666 1.21403 13
1746936922232 1.17691 14
1746936928906 1.11104 15
1746936935705 1.1571 16
1746936942343 1.19386 17
1746936950115 1.29642 18
1746936955739 1.18137 19
1746936961377 1.19333 20
1746936967578 1.24786 21
1746936971470 1.1307 22
1746936978038 1.11021 23
1746936984629 1.17082 24
1746936989677 1.17158 25
1746936995616 1.20263 26
1746937002610 1.16766 27
1746937007867 1.13982 28
1746937013995 1.134 29
1746937019655 1.16782 30
1746937023594 1.16429 31
1746937028853 1.18129 32
1746937036116 1.0884 33
1746937042274 1.07772 34
1746937048760 1.12226 35
1746937054023 1.10589 36
1746937060672 1.01866 37
1746937064704 1.09419 38
1746937070566 1.02924 39
1746937076396 1.02602 40
1746937080147 0.98879 41
1746937086561 1.01562 42
1746937092788 0.96724 43
1746937096762 0.9863 44
1746937103021 0.9644 45
1746937107960 0.99602 46
1746937111806 0.97422 47
1746937117877 1.00603 48
1746937124449 0.99262 49
