1746953455227 1.58778 0
1746953459469 1.31231 1
1746953463539 1.18213 2
1746953467608 1.31956 3
1746953471946 1.19215 4
1746953476100 1.14692 5
1746953480243 1.16253 6
1746953484143 1.11108 7
1746953488539 1.0879 8
1746953492987 0.96743 9
1746953497430 1.16918 10
1746953504081 1.07687 11
1746953509688 1.07693 12
1746953513524 1.20276 13
1746953517487 0.95253 14
1746953521525 0.83627 15
1746953525426 0.9925 16
1746953529726 1.01746 17
1746953533958 1.04113 18
1746953538345 1.07818 19
1746953542459 1.0226 20
1746953546426 1.19951 21
1746953550200 1.09963 22
1746953553886 1.07372 23
1746953557797 1.04957 24
1746953562261 1.06071 25
1746953565958 1.02221 26
1746953569510 0.99875 27
1746953574103 1.01057 28
1746953579476 1.05554 29
1746953584220 0.88364 30
1746953590517 1.01953 31
1746953596087 0.98291 32
1746953600565 1.05779 33
1746953608102 1.01827 34
1746953613748 0.92951 35
1746953619372 1.01987 36
1746953623095 0.96316 37
1746953627775 0.98251 38
1746953633599 0.90277 39
1746953640791 0.82734 40
1746953645308 0.81638 41
1746953652780 0.81447 42
1746953658635 0.74878 43
1746953664492 0.77625 44
1746953668714 0.78531 45
1746953676228 0.70539 46
1746953680770 0.75635 47
1746953685521 0.76109 48
1746953689423 0.73201 49
