1746953455227 3.84957 0
1746953459469 3.48707 1
1746953463539 2.98854 2
1746953467608 2.21498 3
1746953471946 1.8071 4
1746953476100 1.58883 5
1746953480243 1.95279 6
1746953484143 1.87788 7
1746953488539 1.71821 8
1746953492987 1.87277 9
1746953497430 1.42379 10
1746953504081 1.33539 11
1746953509688 1.48908 12
1746953513524 1.6514 13
1746953517487 1.39283 14
1746953521525 1.33233 15
1746953525426 1.56715 16
1746953529726 1.45722 17
1746953533958 1.64958 18
1746953538345 1.55306 19
1746953542459 1.34206 20
1746953546426 1.46348 21
1746953550200 1.33113 22
1746953553886 1.45937 23
1746953557797 1.4584 24
1746953562261 1.25241 25
1746953565958 1.35682 26
1746953569510 1.4687 27
1746953574103 1.46323 28
1746953579476 1.16619 29
1746953584220 1.25097 30
1746953590517 1.32503 31
1746953596087 1.13518 32
1746953600565 1.20833 33
1746953608102 1.33678 34
1746953613748 1.05437 35
1746953619372 1.23351 36
1746953623095 1.08821 37
1746953627775 1.20957 38
1746953633599 1.16884 39
1746953640791 1.22516 40
1746953645308 1.18706 41
1746953652780 1.22314 42
1746953658635 1.09045 43
1746953664492 1.15525 44
1746953668714 1.1118 45
1746953676228 1.07439 46
1746953680770 1.08108 47
1746953685521 0.96982 48
1746953689423 1.00651 49
