1746953455227 1.27787 0
1746953459469 1.13733 1
1746953463539 1.08862 2
1746953467608 1.04051 3
1746953471946 1.04504 4
1746953476100 1.04851 5
1746953480243 1.13125 6
1746953484143 1.08188 7
1746953488539 1.02309 8
1746953492987 1.01788 9
1746953497430 1.07787 10
1746953504081 1.00045 11
1746953509688 1.00767 12
1746953513524 1.09038 13
1746953517487 0.98923 14
1746953521525 0.95238 15
1746953525426 0.95616 16
1746953529726 1.04823 17
1746953533958 1.0439 18
1746953538345 1.04841 19
1746953542459 1.05256 20
1746953546426 1.11141 21
1746953550200 1.06152 22
1746953553886 1.02171 23
1746953557797 1.07348 24
1746953562261 1.00488 25
1746953565958 1.0043 26
1746953569510 1.03173 27
1746953574103 1.00626 28
1746953579476 1.05699 29
1746953584220 1.02495 30
1746953590517 1.04736 31
1746953596087 1.01279 32
1746953600565 1.04585 33
1746953608102 1.02456 34
1746953613748 0.96811 35
1746953619372 1.03876 36
1746953623095 0.98431 37
1746953627775 1.043 38
1746953633599 0.99869 39
1746953640791 0.92516 40
1746953645308 0.94809 41
1746953652780 0.96689 42
1746953658635 0.9282 43
1746953664492 0.91952 44
1746953668714 0.92852 45
1746953676228 0.91897 46
1746953680770 0.91483 47
1746953685521 0.93425 48
1746953689423 0.92101 49
