1746889440211 1.78718 0
1746889447306 1.34217 1
1746889454934 1.36804 2
1746889462447 1.31814 3
1746889471807 1.28098 4
1746889480180 1.26227 5
1746889488670 1.39835 6
1746889498879 1.26833 7
1746889508753 1.31298 8
1746889516804 1.09935 9
1746889525983 1.14077 10
1746889534316 1.42927 11
1746889541939 1.20356 12
1746889550799 1.11398 13
1746889561758 1.02088 14
1746889568257 1.09161 15
1746889578032 1.30613 16
1746889589761 1.13995 17
1746889595145 1.06348 18
1746889604440 1.24522 19
1746889617348 0.89877 20
1746889624885 0.91989 21
1746889633847 0.92831 22
1746889644216 1.01014 23
1746889651849 0.87035 24
1746889656978 0.86277 25
1746889665922 0.90619 26
1746889672372 0.87318 27
1746889677374 0.85798 28
1746889684696 0.86985 29
