1746889440211 4.34932 0
1746889447306 4.34007 1
1746889454934 3.9597 2
1746889462447 3.80771 3
1746889471807 4.82596 4
1746889480180 4.09062 5
1746889488670 3.27046 6
1746889498879 3.96206 7
1746889508753 2.82864 8
1746889516804 3.55096 9
1746889525983 2.75657 10
1746889534316 2.37841 11
1746889541939 1.9753 12
1746889550799 2.24569 13
1746889561758 2.23944 14
1746889568257 2.31693 15
1746889578032 2.59246 16
1746889589761 1.9534 17
1746889595145 2.44003 18
1746889604440 2.0144 19
1746889617348 2.14167 20
1746889624885 2.178 21
1746889633847 2.30483 22
1746889644216 1.6965 23
1746889651849 1.91674 24
1746889656978 1.78253 25
1746889665922 1.79445 26
1746889672372 2.03595 27
1746889677374 2.00286 28
1746889684696 1.65803 29
