1746889440211 1.36262 0
1746889447306 1.19395 1
1746889454934 1.16398 2
1746889462447 1.11198 3
1746889471807 1.04326 4
1746889480180 1.04569 5
1746889488670 1.17889 6
1746889498879 1.07299 7
1746889508753 1.04869 8
1746889516804 0.89113 9
1746889525983 1.03896 10
1746889534316 1.15354 11
1746889541939 1.02154 12
1746889550799 1.03356 13
1746889561758 0.99505 14
1746889568257 1.02752 15
1746889578032 1.08924 16
1746889589761 1.07537 17
1746889595145 1.05881 18
1746889604440 1.1699 19
1746889617348 0.95245 20
1746889624885 0.93778 21
1746889633847 0.88057 22
1746889644216 1.01056 23
1746889651849 0.95579 24
1746889656978 0.94182 25
1746889665922 0.98908 26
1746889672372 0.94539 27
1746889677374 0.9586 28
1746889684696 0.95681 29
