1746940767118 4e-05 0
1746940791818 9.802e-05 1
1746940810306 0.000153664 2
1746940832292 0.00020693199999999998 3
1746940854680 0.00025782400000000003 4
1746940873852 0.00030634 5
1746940893779 0.00035247999999999996 6
1746940912623 0.000396244 7
1746940931094 0.00043763200000000003 8
1746940945423 0.0004766440000000001 9
1746940966260 0.0005132800000000001 10
1746940979126 0.00054754 11
1746940996618 0.000579424 12
1746941012049 0.0006089320000000001 13
1746941032348 0.000636064 14
1746941045208 0.00066082 15
1746941059922 0.0006831999999999999 16
1746941071250 0.0007032039999999998 17
1746941090573 0.000720832 18
1746941104871 0.000736084 19
1746941117508 0.0007489600000000001 20
1746941130333 0.0007594600000000001 21
1746941143759 0.0007675840000000001 22
1746941159253 0.0007733320000000002 23
1746941173469 0.000776704 24
1746941186124 0.0007777 25
1746941206463 0.0007763199999999999 26
1746941223336 0.000772564 27
1746941237654 0.0007664319999999998 28
1746941249505 0.0007579240000000001 29
1746941264950 0.0007470400000000001 30
1746941271174 0.0007337800000000001 31
1746941282004 0.000718144 32
1746941294457 0.0006931999999999999 33
1746941309365 0.0006536 34
1746941324309 0.0006140000000000001 35
1746941340402 0.0005744000000000001 36
1746941351337 0.0005348000000000001 37
1746941363767 0.0004952 38
1746941379876 0.00045559999999999996 39
1746941388132 0.0004159999999999999 40
1746941398953 0.00037640000000000015 41
1746941411388 0.0003368000000000001 42
1746941420790 0.0002972 43
1746941436302 0.00025760000000000003 44
1746941449821 0.00021799999999999996 45
1746941462044 0.00017839999999999992 46
1746941478268 0.0001388000000000001 47
1746941496048 9.920000000000008e-05 48
1746941508202 5.9600000000000046e-05 49
