1746934608827 1.4668 0
1746934613445 1.29691 1
1746934618272 1.17329 2
1746934622680 1.13963 3
1746934627768 1.2425 4
1746934633426 1.23979 5
1746934638445 1.20397 6
1746934643893 1.28606 7
1746934650878 1.13098 8
1746934656047 1.31228 9
1746934664172 1.3898 10
1746934670660 1.19266 11
1746934675918 1.24493 12
1746934682719 1.30001 13
1746934689322 1.22094 14
1746934696000 1.18737 15
1746934703053 1.1873 16
1746934709875 1.21639 17
1746934718799 1.3303 18
1746934724013 1.24063 19
1746934729762 1.17869 20
1746934736163 1.18459 21
1746934740195 1.10506 22
1746934746900 1.0903 23
1746934753446 1.13373 24
1746934758545 1.16862 25
1746934764542 1.09618 26
1746934771201 1.07968 27
1746934777314 1.06607 28
1746934785113 1.0485 29
1746934792166 1.01442 30
1746934797122 1.05705 31
1746934803070 1.06662 32
1746934810254 1.04358 33
1746934816976 1.0352 34
1746934823860 1.06777 35
1746934829325 1.03858 36
1746934836415 0.87246 37
1746934840729 0.96845 38
1746934846807 0.91233 39
1746934853188 0.9179 40
1746934857541 0.84146 41
1746934864328 0.85749 42
1746934870706 0.78179 43
1746934875179 0.81247 44
1746934881845 0.75958 45
1746934886695 0.78905 46
1746934891019 0.8324 47
1746934897414 0.78327 48
1746934904522 0.82142 49
