1746934608827 3.58502 0
1746934613445 3.28359 1
1746934618272 2.42882 2
1746934622680 2.38761 3
1746934627768 2.29739 4
1746934633426 2.43984 5
1746934638445 2.35048 6
1746934643893 2.06555 7
1746934650878 5.18965 8
1746934656047 2.59592 9
1746934664172 2.68997 10
1746934670660 2.38504 11
1746934675918 2.01696 12
1746934682719 2.04982 13
1746934689322 1.85744 14
1746934696000 1.54714 15
1746934703053 1.85186 16
1746934709875 1.76616 17
1746934718799 1.82009 18
1746934724013 2.24629 19
1746934729762 2.03853 20
1746934736163 1.60728 21
1746934740195 1.71677 22
1746934746900 1.78309 23
1746934753446 1.86292 24
1746934758545 1.51665 25
1746934764542 2.07617 26
1746934771201 1.82454 27
1746934777314 1.45996 28
1746934785113 1.44462 29
1746934792166 1.32469 30
1746934797122 1.52994 31
1746934803070 1.40071 32
1746934810254 1.71744 33
1746934816976 1.41455 34
1746934823860 1.31472 35
1746934829325 1.49611 36
1746934836415 1.29792 37
1746934840729 1.38398 38
1746934846807 1.2923 39
1746934853188 1.34483 40
1746934857541 1.37485 41
1746934864328 1.31547 42
1746934870706 1.22422 43
1746934875179 1.42179 44
1746934881845 1.31735 45
1746934886695 1.4911 46
1746934891019 1.25073 47
1746934897414 1.23616 48
1746934904522 1.31014 49
