1746934608827 1.2033 0
1746934613445 1.17501 1
1746934618272 1.10891 2
1746934622680 1.07638 3
1746934627768 1.16473 4
1746934633426 1.21684 5
1746934638445 1.26305 6
1746934643893 1.26661 7
1746934650878 1.13597 8
1746934656047 1.24719 9
1746934664172 1.26894 10
1746934670660 1.2021 11
1746934675918 1.17134 12
1746934682719 1.21403 13
1746934689322 1.17691 14
1746934696000 1.11104 15
1746934703053 1.1571 16
1746934709875 1.19386 17
1746934718799 1.29642 18
1746934724013 1.18137 19
1746934729762 1.19333 20
1746934736163 1.24786 21
1746934740195 1.1307 22
1746934746900 1.11021 23
1746934753446 1.17082 24
1746934758545 1.17158 25
1746934764542 1.20263 26
1746934771201 1.16766 27
1746934777314 1.13982 28
1746934785113 1.134 29
1746934792166 1.16782 30
1746934797122 1.16429 31
1746934803070 1.18129 32
1746934810254 1.0884 33
1746934816976 1.07772 34
1746934823860 1.12226 35
1746934829325 1.10589 36
1746934836415 1.01866 37
1746934840729 1.09419 38
1746934846807 1.02924 39
1746934853188 1.02602 40
1746934857541 0.98879 41
1746934864328 1.01562 42
1746934870706 0.96724 43
1746934875179 0.9863 44
1746934881845 0.9644 45
1746934886695 0.99602 46
1746934891019 0.97422 47
1746934897414 1.00603 48
1746934904522 0.99262 49
