1746952750545 4e-05 0
1746952754357 9.901e-05 1
1746952758638 0.000156832 2
1746952762544 0.000213466 3
1746952766287 0.000268912 4
1746952769892 0.00032317000000000007 5
1746952773449 0.00037623999999999996 6
1746952777633 0.000428122 7
1746952781439 0.000478816 8
1746952785733 0.000528322 9
1746952790404 0.00057664 10
1746952794178 0.0006237699999999999 11
1746952798371 0.0006697119999999999 12
1746952803125 0.000714466 13
1746952806916 0.0007580320000000001 14
1746952810772 0.0008004100000000001 15
1746952814465 0.0008416000000000001 16
1746952818337 0.000881602 17
1746952821816 0.0009204160000000002 18
1746952825944 0.0009580420000000002 19
1746952830565 0.00099448 20
1746952835249 0.0010297300000000002 21
1746952839404 0.001063792 22
1746952843026 0.001096666 23
1746952846884 0.001128352 24
1746952851419 0.00115885 25
1746952855721 0.0011881600000000002 26
1746952859939 0.0012162820000000002 27
1746952864772 0.0012432160000000001 28
1746952868425 0.0012689620000000002 29
1746952872612 0.0012935199999999998 30
1746952877818 0.00131689 31
1746952882079 0.0013390719999999997 32
1746952885448 0.0013465999999999999 33
1746952890783 0.0013267999999999997 34
1746952897780 0.001307 35
1746952903198 0.0012872 36
1746952907986 0.0012674000000000001 37
1746952913367 0.0012476 38
1746952918850 0.0012278 39
1746952926117 0.001208 40
1746952932333 0.0011882000000000002 41
1746952940329 0.0011684000000000002 42
1746952947767 0.0011486 43
1746952954989 0.0011288000000000001 44
1746952961263 0.001109 45
1746952969594 0.0010892000000000002 46
1746952977175 0.0010694 47
1746952984213 0.0010496000000000001 48
1746952989655 0.0010298 49
1746952996755 0.00101 50
1746953003170 0.0009901999999999999 51
1746953010982 0.0009704 52
1746953018184 0.0009506 53
1746953027239 0.0009308 54
1746953037420 0.0009109999999999999 55
1746953047231 0.0008911999999999999 56
1746953055264 0.0008714 57
1746953064332 0.0008516000000000001 58
1746953071395 0.0008318000000000002 59
1746953076843 0.0008120000000000001 60
1746953082650 0.0007922000000000001 61
1746953088818 0.0007724 62
1746953095429 0.0007526000000000001 63
1746953105324 0.0007328 64
1746953111358 0.000713 65
1746953119076 0.0006931999999999999 66
1746953126847 0.0006733999999999999 67
1746953134279 0.0006536 68
1746953140846 0.0006338000000000001 69
1746953150756 0.0006140000000000001 70
1746953160729 0.0005942 71
1746953171117 0.0005744000000000001 72
1746953179797 0.0005546000000000001 73
1746953191230 0.0005348000000000001 74
1746953201968 0.000515 75
1746953216150 0.0004952 76
1746953231888 0.0004754 77
1746953241358 0.00045559999999999996 78
1746953252146 0.00043579999999999997 79
1746953263163 0.0004159999999999999 80
1746953271315 0.00039619999999999987 81
1746953280647 0.00037640000000000015 82
1746953290228 0.0003566000000000001 83
1746953299958 0.0003368000000000001 84
1746953308600 0.00031700000000000006 85
1746953319283 0.0002972 86
1746953330230 0.0002774 87
1746953342628 0.00025760000000000003 88
1746953352300 0.00023779999999999995 89
1746953362479 0.00021799999999999996 90
1746953372393 0.00019819999999999994 91
1746953381612 0.00017839999999999992 92
1746953388698 0.00015859999999999987 93
1746953397753 0.0001388000000000001 94
1746953406797 0.0001190000000000001 95
1746953415871 9.920000000000008e-05 96
1746953425052 7.940000000000006e-05 97
1746953433657 5.9600000000000046e-05 98
1746953443537 3.980000000000002e-05 99
