1746898673487 1.61648 0
1746898677216 1.28114 1
1746898686150 1.22755 2
1746898694484 1.23545 3
1746898701271 1.05813 4
1746898708586 1.1445 5
1746898712259 1.10325 6
1746898720457 1.05341 7
1746898727348 1.07525 8
1746898734007 1.09074 9
1746898742249 1.34255 10
1746898812051 1.08344 11
1746898838351 1.04327 12
1746898856390 1.32826 13
1746898893823 1.08578 14
1746898912916 0.86973 15
1746898916469 1.09025 16
1746898958003 0.99421 17
1746898993951 0.99283 18
1746899028463 1.05378 19
1746899036783 1.08455 20
1746899082120 1.17647 21
1746899146329 0.92984 22
1746899184342 1.05593 23
1746899219178 1.15114 24
1746899261570 1.03778 25
1746899365213 0.97619 26
1746899396503 0.89163 27
1746899413523 0.87958 28
1746899450416 0.9927 29
1746899496887 0.85754 30
1746899505071 1.03776 31
1746899527339 0.81463 32
1746899553033 0.947 33
1746899561005 0.92683 34
1746899586495 0.83581 35
1746899619236 0.9439 36
1746899654242 0.91288 37
1746899693429 0.91852 38
1746899731333 0.78071 39
1746899771662 0.82228 40
1746899814691 0.72068 41
1746899822867 0.76641 42
1746899856091 0.73115 43
1746899896387 0.80343 44
1746899983659 0.76897 45
1746900017061 0.78027 46
1746900047880 0.7669 47
1746900056322 0.71712 48
1746900074216 0.72604 49
