1746898673487 4.26888 0
1746898677216 3.65864 1
1746898686150 3.54718 2
1746898694484 3.39911 3
1746898701271 2.92397 4
1746898708586 2.45043 5
1746898712259 2.15538 6
1746898720457 1.70554 7
1746898727348 1.67892 8
1746898734007 1.93487 9
1746898742249 1.68611 10
1746898812051 1.35794 11
1746898838351 1.33327 12
1746898856390 1.68752 13
1746898893823 1.52199 14
1746898912916 1.2886 15
1746898916469 1.63345 16
1746898958003 1.46114 17
1746898993951 1.53947 18
1746899028463 1.52293 19
1746899036783 1.35433 20
1746899082120 1.31673 21
1746899146329 1.18725 22
1746899184342 1.48753 23
1746899219178 1.40054 24
1746899261570 1.16225 25
1746899365213 1.19416 26
1746899396503 1.19874 27
1746899413523 1.29689 28
1746899450416 1.02748 29
1746899496887 1.1168 30
1746899505071 1.15717 31
1746899527339 1.02673 32
1746899553033 1.16171 33
1746899561005 1.08647 34
1746899586495 0.93813 35
1746899619236 1.16994 36
1746899654242 1.18517 37
1746899693429 1.16271 38
1746899731333 0.9578 39
1746899771662 1.05769 40
1746899814691 1.02092 41
1746899822867 0.97672 42
1746899856091 0.87871 43
1746899896387 1.1368 44
1746899983659 1.00477 45
1746900017061 0.98179 46
1746900047880 0.9546 47
1746900056322 0.91034 48
1746900074216 0.95598 49
