1746898673487 1.34891 0
1746898677216 1.15485 1
1746898686150 1.13767 2
1746898694484 1.09244 3
1746898701271 1.01657 4
1746898708586 1.04638 5
1746898712259 1.06647 6
1746898720457 1.03848 7
1746898727348 0.99322 8
1746898734007 1.05329 9
1746898742249 1.12915 10
1746898812051 1.01079 11
1746898838351 1.00456 12
1746898856390 1.15911 13
1746898893823 1.02429 14
1746898912916 0.96304 15
1746898916469 0.98467 16
1746898958003 0.99572 17
1746898993951 1.02687 18
1746899028463 1.02836 19
1746899036783 1.09902 20
1746899082120 1.12699 21
1746899146329 0.96249 22
1746899184342 0.97753 23
1746899219178 1.13746 24
1746899261570 0.97456 25
1746899365213 0.99209 26
1746899396503 1.00078 27
1746899413523 0.96791 28
1746899450416 1.03602 29
1746899496887 0.98935 30
1746899505071 1.04878 31
1746899527339 0.94583 32
1746899553033 1.00185 33
1746899561005 1.0027 34
1746899586495 0.94636 35
1746899619236 1.02573 36
1746899654242 1.05061 37
1746899693429 1.00233 38
1746899731333 0.94844 39
1746899771662 0.90406 40
1746899814691 0.92804 41
1746899822867 0.93753 42
1746899856091 0.9259 43
1746899896387 0.90513 44
1746899983659 0.91385 45
1746900017061 0.92512 46
1746900047880 0.92292 47
1746900056322 0.93802 48
1746900074216 0.9229 49
