1746940767118 1.64206 0
1746940791818 1.27341 1
1746940810306 1.146 2
1746940832292 1.24644 3
1746940854680 1.16475 4
1746940873852 1.10673 5
1746940893779 1.10243 6
1746940912623 1.04426 7
1746940931094 1.1705 8
1746940945423 1.02189 9
1746940966260 1.08397 10
1746940979126 1.06599 11
1746940996618 0.95239 12
1746941012049 1.15551 13
1746941032348 1.04254 14
1746941045208 1.05088 15
1746941059922 1.0068 16
1746941071250 1.19415 17
1746941090573 0.98924 18
1746941104871 1.08096 19
1746941117508 0.90691 20
1746941130333 1.02057 21
1746941143759 1.10576 22
1746941159253 0.98902 23
1746941173469 1.05503 24
1746941186124 1.03511 25
1746941206463 0.98763 26
1746941223336 0.94686 27
1746941237654 0.88937 28
1746941249505 0.86035 29
1746941264950 0.88427 30
1746941271174 0.93725 31
1746941282004 0.91153 32
1746941294457 0.94311 33
1746941309365 0.91207 34
1746941324309 0.92868 35
1746941340402 0.86368 36
1746941351337 0.88543 37
1746941363767 0.88503 38
1746941379876 0.92813 39
1746941388132 0.78989 40
1746941398953 0.76447 41
1746941411388 0.79273 42
1746941420790 0.78312 43
1746941436302 0.75765 44
1746941449821 0.77424 45
1746941462044 0.78439 46
1746941478268 0.7685 47
1746941496048 0.68712 48
1746941508202 0.74723 49
