1746940767118 3.79231 0
1746940791818 3.54087 1
1746940810306 2.91335 2
1746940832292 2.26362 3
1746940854680 2.21199 4
1746940873852 1.61234 5
1746940893779 1.62294 6
1746940912623 1.62835 7
1746940931094 1.81058 8
1746940945423 1.46606 9
1746940966260 1.39901 10
1746940979126 1.77313 11
1746940996618 1.62311 12
1746941012049 1.76593 13
1746941032348 1.36333 14
1746941045208 1.4715 15
1746941059922 1.66992 16
1746941071250 1.65523 17
1746941090573 1.3805 18
1746941104871 1.314 19
1746941117508 1.21385 20
1746941130333 1.23385 21
1746941143759 1.19237 22
1746941159253 1.14922 23
1746941173469 1.20305 24
1746941186124 1.21436 25
1746941206463 1.26212 26
1746941223336 1.22421 27
1746941237654 1.18463 28
1746941249505 1.31664 29
1746941264950 1.2312 30
1746941271174 1.3186 31
1746941282004 1.30767 32
1746941294457 1.23603 33
1746941309365 1.25644 34
1746941324309 1.24419 35
1746941340402 1.13385 36
1746941351337 1.15031 37
1746941363767 1.03577 38
1746941379876 1.05024 39
1746941388132 1.18746 40
1746941398953 1.11962 41
1746941411388 1.11459 42
1746941420790 1.05332 43
1746941436302 1.17298 44
1746941449821 1.12671 45
1746941462044 1.1114 46
1746941478268 1.1315 47
1746941496048 1.00443 48
1746941508202 1.06455 49
