1746940767118 1.36427 0
1746940791818 1.17937 1
1746940810306 1.11594 2
1746940832292 1.06737 3
1746940854680 1.05897 4
1746940873852 1.01732 5
1746940893779 1.0551 6
1746940912623 1.02478 7
1746940931094 1.11851 8
1746940945423 1.00175 9
1746940966260 0.9921 10
1746940979126 1.0191 11
1746940996618 0.99765 12
1746941012049 1.0434 13
1746941032348 0.99107 14
1746941045208 1.0707 15
1746941059922 1.03473 16
1746941071250 1.1024 17
1746941090573 0.9889 18
1746941104871 1.08029 19
1746941117508 1.01749 20
1746941130333 1.04691 21
1746941143759 1.01508 22
1746941159253 0.98956 23
1746941173469 1.0038 24
1746941186124 1.02106 25
1746941206463 0.96134 26
1746941223336 0.99539 27
1746941237654 0.96151 28
1746941249505 0.97885 29
1746941264950 1.00919 30
1746941271174 1.00323 31
1746941282004 1.03793 32
1746941294457 0.96452 33
1746941309365 1.01662 34
1746941324309 1.04612 35
1746941340402 0.97199 36
1746941351337 1.00435 37
1746941363767 0.96415 38
1746941379876 0.99738 39
1746941388132 0.91744 40
1746941398953 0.93994 41
1746941411388 0.94331 42
1746941420790 0.9291 43
1746941436302 0.94352 44
1746941449821 0.96425 45
1746941462044 0.91986 46
1746941478268 0.89877 47
1746941496048 0.90698 48
1746941508202 0.90617 49
