1746891724154 0.09100000000000001 0
1746891728017 0.08105842 1
1746891731759 0.07107328 2
1746891737833 0.06104458 3
1746891743757 0.05097232 4
1746891749874 0.040856500000000004 5
1746891756559 0.030697120000000005 6
1746891763334 0.02049418 7
1746891767110 0.010247680000000004 8
1746891775672 0.008218000000000001 9
1746891782231 0.008020000000000001 10
1746891788988 0.007822 11
1746891800823 0.007624 12
1746891808165 0.007426 13
1746891816026 0.007228 14
1746891823033 0.00703 15
1746891830207 0.0068319999999999995 16
1746891841406 0.006633999999999999 17
1746891848157 0.006436000000000001 18
1746891855071 0.0062380000000000005 19
1746891862090 0.00604 20
1746891869132 0.005842000000000001 21
1746891876128 0.005644000000000001 22
1746891883234 0.005446000000000001 23
1746891890208 0.005248000000000001 24
1746891901463 0.00505 25
1746891908428 0.0048519999999999995 26
1746891915169 0.004654 27
1746891921940 0.004456 28
1746891928994 0.0042580000000000005 29
1746891936049 0.00406 30
1746891942962 0.003862 31
1746891949729 0.003664 32
1746891956444 0.003466 33
1746891968925 0.003268 34
1746891980598 0.0030700000000000007 35
1746891987579 0.002872 36
1746891994527 0.002674 37
1746892001543 0.002476 38
1746892008549 0.0022779999999999996 39
1746892015652 0.00208 40
1746892022497 0.0018820000000000006 41
1746892029139 0.0016840000000000006 42
1746892036045 0.0014860000000000001 43
1746892042856 0.001288 44
1746892050001 0.0010899999999999998 45
1746892057513 0.0008919999999999996 46
1746892064279 0.0006940000000000005 47
1746892076221 0.0004960000000000005 48
1746892083098 0.0002980000000000002 49
