1746887581485 0.15571 0
1746887590918 0.19063 1
1746887601667 0.21898 2
1746887609836 0.39093 3
1746887617895 0.39093 4
1746887628418 0.68091 5
1746887637587 0.59012 6
1746887646764 0.7124 7
1746887656780 0.7124 8
1746887666821 0.97238 9
1746887678513 0.87619 10
1746887687375 0.87619 11
1746887698222 0.90077 12
1746887708343 0.9251 13
1746887720090 0.9251 14
1746887730550 0.92867 15
1746887744655 0.93344 16
1746887756142 0.93344 17
1746887765952 0.94918 18
1746887776112 0.95023 19
1746887786992 0.95023 20
1746887797132 0.94293 21
1746887807611 0.95028 22
1746887821498 0.93705 23
1746887833537 0.93705 24
1746887845127 0.92907 25
1746887859276 0.91972 26
1746887872401 0.91972 27
1746887889174 0.93468 28
1746887903549 0.93343 29
1746887914567 0.9374374999999999 29
