1746887581485 0.07285 0
1746887590918 0.11331 1
1746887601667 0.10337 2
1746887609836 0.23178 3
1746887617895 0.23178 4
1746887628418 0.34169 5
1746887637587 0.32485 6
1746887646764 0.30738 7
1746887656780 0.30738 8
1746887666821 0.54394 9
1746887678513 0.53797 10
1746887687375 0.53797 11
1746887698222 0.5813 12
1746887708343 0.585 13
1746887720090 0.585 14
1746887730550 0.58799 15
1746887744655 0.68877 16
1746887756142 0.68877 17
1746887765952 0.67433 18
1746887776112 0.64978 19
1746887786992 0.64978 20
1746887797132 0.67385 21
1746887807611 0.65545 22
1746887821498 0.65998 23
1746887833537 0.65998 24
1746887845127 0.66536 25
1746887859276 0.66658 26
1746887872401 0.66658 27
1746887889174 0.67922 28
1746887903549 0.67929 29
1746887914567 0.6917303925772006 29
