1746887581485 0.008 0
1746887590918 0.008 1
1746887601667 0.008 2
1746887609836 0.008 3
1746887617895 0.008 4
1746887628418 1.0 5
1746887637587 0.55552 6
1746887646764 0.83963 7
1746887656780 0.83963 8
1746887666821 0.90414 9
1746887678513 0.90505 10
1746887687375 0.90505 11
1746887698222 0.98376 12
1746887708343 0.98492 13
1746887720090 0.98492 14
1746887730550 0.98908 15
1746887744655 0.96879 16
1746887756142 0.96879 17
1746887765952 1.0 18
1746887776112 0.99742 19
1746887786992 0.99742 20
1746887797132 0.99582 21
1746887807611 1.0 22
1746887821498 0.99018 23
1746887833537 0.99018 24
1746887845127 1.0 25
1746887859276 1.0 26
1746887872401 1.0 27
1746887889174 1.0 28
1746887903549 1.0 29
1746887914567 0.9696593342507392 29
