1746887581485 0.92308 0
1746887590918 0.92308 1
1746887601667 0.92308 2
1746887609836 0.92308 3
1746887617895 0.92308 4
1746887628418 0.37789 5
1746887637587 0.53846 6
1746887646764 0.61538 7
1746887656780 0.61538 8
1746887666821 0.92308 9
1746887678513 0.76923 10
1746887687375 0.76923 11
1746887698222 0.84615 12
1746887708343 0.84615 13
1746887720090 0.84615 14
1746887730550 0.84615 15
1746887744655 0.84615 16
1746887756142 0.84615 17
1746887765952 0.84604 18
1746887776112 0.84615 19
1746887786992 0.84615 20
1746887797132 0.84615 21
1746887807611 0.90927 22
1746887821498 0.84615 23
1746887833537 0.84615 24
1746887845127 0.84353 25
1746887859276 0.84096 26
1746887872401 0.84096 27
1746887889174 0.90303 28
1746887903549 0.89756 29
1746887914567 0.8461538461538461 29
