1746935505211 1.4668 0
1746935512594 1.29679 1
1746935518796 1.17443 2
1746935525410 1.13715 3
1746935531305 1.23516 4
1746935537442 1.23015 5
1746935543191 1.21383 6
1746935549150 1.28074 7
1746935555297 1.07605 8
1746935560743 1.3023 9
1746935567540 1.38847 10
1746935573609 1.23379 11
1746935579573 1.22486 12
1746935586283 1.34721 13
1746935593062 1.25942 14
1746935599869 1.19934 15
1746935607252 1.2011 16
1746935614433 1.19637 17
1746935623778 1.33306 18
1746935629880 1.2364 19
1746935638301 1.2309 20
1746935648203 1.17793 21
1746935656044 1.15134 22
1746935665098 1.17522 23
1746935673424 1.11465 24
1746935683768 1.08942 25
1746935693483 1.05689 26
1746935703713 1.01255 27
1746935711547 1.10593 28
1746935720584 1.05787 29
1746935731278 1.02543 30
1746935738583 1.1041 31
1746935747624 1.0614 32
1746935757123 1.09235 33
1746935766609 1.01078 34
1746935776861 1.13051 35
1746935785689 1.11374 36
1746935795295 0.96524 37
1746935804986 0.99084 38
1746935814006 0.95076 39
1746935822472 0.86234 40
1746935829657 0.82626 41
1746935836789 0.89378 42
1746935846086 0.75077 43
1746935853335 0.83457 44
1746935861156 0.74841 45
1746935871293 0.77991 46
1746935877557 0.79398 47
1746935885533 0.80507 48
1746935894924 0.76448 49
