1746935505211 3.58502 0
1746935512594 3.28372 1
1746935518796 2.42702 2
1746935525410 2.39017 3
1746935531305 2.29966 4
1746935537442 2.36827 5
1746935543191 2.31216 6
1746935549150 2.02903 7
1746935555297 5.20257 8
1746935560743 2.64709 9
1746935567540 2.7645 10
1746935573609 2.46585 11
1746935579573 1.98332 12
1746935586283 2.17911 13
1746935593062 1.91082 14
1746935599869 1.58824 15
1746935607252 1.96649 16
1746935614433 1.79389 17
1746935623778 1.79008 18
1746935629880 2.13323 19
1746935638301 2.03719 20
1746935648203 1.66963 21
1746935656044 1.70783 22
1746935665098 1.92039 23
1746935673424 1.78776 24
1746935683768 1.45034 25
1746935693483 2.14578 26
1746935703713 1.69979 27
1746935711547 1.46371 28
1746935720584 1.4431 29
1746935731278 1.35189 30
1746935738583 1.65949 31
1746935747624 1.4834 32
1746935757123 1.7495 33
1746935766609 1.46167 34
1746935776861 1.38299 35
1746935785689 1.54894 36
1746935795295 1.31023 37
1746935804986 1.42329 38
1746935814006 1.27968 39
1746935822472 1.3705 40
1746935829657 1.35444 41
1746935836789 1.35486 42
1746935846086 1.23311 43
1746935853335 1.46425 44
1746935861156 1.29569 45
1746935871293 1.54164 46
1746935877557 1.29084 47
1746935885533 1.2569 48
1746935894924 1.38966 49
