1746935505211 1.2033 0
1746935512594 1.17502 1
1746935518796 1.10947 2
1746935525410 1.07198 3
1746935531305 1.15598 4
1746935537442 1.20321 5
1746935543191 1.28024 6
1746935549150 1.26793 7
1746935555297 1.129 8
1746935560743 1.25534 9
1746935567540 1.26163 10
1746935573609 1.19087 11
1746935579573 1.17047 12
1746935586283 1.25035 13
1746935593062 1.1716 14
1746935599869 1.10211 15
1746935607252 1.11497 16
1746935614433 1.15633 17
1746935623778 1.24094 18
1746935629880 1.1576 19
1746935638301 1.17619 20
1746935648203 1.21413 21
1746935656044 1.12072 22
1746935665098 1.1373 23
1746935673424 1.17563 24
1746935683768 1.10875 25
1746935693483 1.13872 26
1746935703713 1.08203 27
1746935711547 1.15834 28
1746935720584 1.12427 29
1746935731278 1.15775 30
1746935738583 1.16164 31
1746935747624 1.16419 32
1746935757123 1.08842 33
1746935766609 1.08009 34
1746935776861 1.13664 35
1746935785689 1.13065 36
1746935795295 1.03365 37
1746935804986 1.08795 38
1746935814006 1.03856 39
1746935822472 1.01792 40
1746935829657 0.99255 41
1746935836789 1.03569 42
1746935846086 0.97126 43
1746935853335 0.99212 44
1746935861156 0.96511 45
1746935871293 0.98925 46
1746935877557 0.96607 47
1746935885533 1.01294 48
1746935894924 0.98301 49
