1746935507123 0.22545 0
1746935513331 0.24885 1
1746935519633 0.27357 2
1746935526101 0.27998 3
1746935532118 0.26526 4
1746935538350 0.29557 5
1746935544155 0.31414 6
1746935550149 0.39996 7
1746935555757 0.39996 8
1746935561728 0.24577 9
1746935568549 0.49493 10
1746935574073 0.49493 11
1746935580593 0.34908 12
1746935587312 0.45951 13
1746935593567 0.45951 14
1746935600949 0.51446 15
1746935608538 0.56016 16
1746935615974 0.45285 17
1746935624303 0.45285 18
1746935631302 0.5194 19
1746935639867 0.56192 20
1746935648768 0.56192 21
1746935657511 0.58767 22
1746935667076 0.67056 23
1746935674009 0.67056 24
1746935685936 0.68479 25
1746935694830 0.69063 26
1746935704287 0.69063 27
1746935713252 0.73267 28
1746935723582 0.75489 29
1746935731869 0.75489 30
1746935740513 0.71895 31
1746935749530 0.69173 32
1746935758826 0.67267 33
1746935767168 0.67267 34
1746935778658 0.68301 35
1746935788284 0.70891 36
1746935795883 0.70891 37
1746935806494 0.70583 38
1746935815542 0.68303 39
1746935823043 0.68303 40
1746935831225 0.66704 41
1746935839137 0.68217 42
1746935846713 0.68217 43
1746935854816 0.67812 44
1746935862889 0.68252 45
1746935871841 0.68252 46
1746935879093 0.68391 47
1746935886934 0.6857 48
1746935897193 0.68098 49
1746935908897 0.7548964181018288 49
