1746935507123 0.37483 0
1746935513331 0.45731 1
1746935519633 0.48709 2
1746935526101 0.45615 3
1746935532118 0.41757 4
1746935538350 0.5331 5
1746935544155 0.49353 6
1746935550149 0.56859 7
1746935555757 0.56859 8
1746935561728 0.40936 9
1746935568549 0.7944 10
1746935574073 0.7944 11
1746935580593 0.57474 12
1746935587312 0.85985 13
1746935593567 0.85985 14
1746935600949 0.90393 15
1746935608538 0.85734 16
1746935615974 0.83183 17
1746935624303 0.83183 18
1746935631302 0.86115 19
1746935639867 0.90337 20
1746935648768 0.90337 21
1746935657511 0.93667 22
1746935667076 0.97045 23
1746935674009 0.97045 24
1746935685936 0.97853 25
1746935694830 0.97572 26
1746935704287 0.97572 27
1746935713252 0.98429 28
1746935723582 0.995 29
1746935731869 0.995 30
1746935740513 0.995 31
1746935749530 0.98188 32
1746935758826 0.98567 33
1746935767168 0.98567 34
1746935778658 0.97853 35
1746935788284 0.97556 36
1746935795883 0.97556 37
1746935806494 0.95344 38
1746935815542 0.94959 39
1746935823043 0.94959 40
1746935831225 0.94125 41
1746935839137 0.92669 42
1746935846713 0.92669 43
1746935854816 0.92737 44
1746935862889 0.92744 45
1746935871841 0.92744 46
1746935879093 0.93006 47
1746935886934 0.94357 48
1746935897193 0.9472 49
1746935908897 0.995 49
