1746935507123 0.008 0
1746935513331 0.008 1
1746935519633 0.008 2
1746935526101 0.00867 3
1746935532118 0.01254 4
1746935538350 0.00733 5
1746935544155 0.00689 6
1746935550149 0.85796 7
1746935555757 0.85796 8
1746935561728 1.0 9
1746935568549 0.7231 10
1746935574073 0.7231 11
1746935580593 0.53767 12
1746935587312 0.92461 13
1746935593567 0.92461 14
1746935600949 1.0 15
1746935608538 0.98485 16
1746935615974 0.8327 17
1746935624303 0.8327 18
1746935631302 1.0 19
1746935639867 0.87623 20
1746935648768 0.87623 21
1746935657511 0.85643 22
1746935667076 0.97703 23
1746935674009 0.97703 24
1746935685936 1.0 25
1746935694830 0.9877 26
1746935704287 0.9877 27
1746935713252 0.9276 28
1746935723582 1.0 29
1746935731869 1.0 30
1746935740513 1.0 31
1746935749530 0.99266 32
1746935758826 0.99472 33
1746935767168 0.99472 34
1746935778658 0.99646 35
1746935788284 0.99162 36
1746935795883 0.99162 37
1746935806494 0.98855 38
1746935815542 0.99781 39
1746935823043 0.99781 40
1746935831225 1.0 41
1746935839137 0.90355 42
1746935846713 0.90355 43
1746935854816 1.0 44
1746935862889 1.0 45
1746935871841 1.0 46
1746935879093 0.99999 47
1746935886934 0.99715 48
1746935897193 0.99661 49
1746935908897 1.0 49
