1746935507123 0.92308 0
1746935513331 0.92308 1
1746935519633 0.92308 2
1746935526101 1.0 3
1746935532118 0.61538 4
1746935538350 0.84615 5
1746935544155 0.69231 6
1746935550149 0.46504 7
1746935555757 0.46504 8
1746935561728 0.27983 9
1746935568549 0.76923 10
1746935574073 0.76923 11
1746935580593 0.7166 12
1746935587312 0.69231 13
1746935593567 0.69231 14
1746935600949 0.83812 15
1746935608538 0.69231 16
1746935615974 0.766 17
1746935624303 0.766 18
1746935631302 0.69099 19
1746935639867 0.76923 20
1746935648768 0.76923 21
1746935657511 1.0 22
1746935667076 0.84615 23
1746935674009 0.84615 24
1746935685936 0.91359 25
1746935694830 0.84615 26
1746935704287 0.84615 27
1746935713252 0.98636 28
1746935723582 0.99565 29
1746935731869 0.99565 30
1746935740513 0.99401 31
1746935749530 0.92308 32
1746935758826 0.92308 33
1746935767168 0.92308 34
1746935778658 0.92308 35
1746935788284 0.92308 36
1746935795883 0.92308 37
1746935806494 0.92308 38
1746935815542 0.92308 39
1746935823043 0.92308 40
1746935831225 0.90816 41
1746935839137 0.92308 42
1746935846713 0.92308 43
1746935854816 0.91295 44
1746935862889 0.91968 45
1746935871841 0.91968 46
1746935879093 0.92308 47
1746935886934 0.92308 48
1746935897193 0.92308 49
1746935908897 0.9957464350342914 49
