1746952750545 1.58778 0
1746952754357 1.31193 1
1746952758638 1.18478 2
1746952762544 1.30899 3
1746952766287 1.15471 4
1746952769892 1.16432 5
1746952773449 1.20841 6
1746952777633 1.08449 7
1746952781439 1.10432 8
1746952785733 0.93927 9
1746952790404 1.14017 10
1746952794178 1.09118 11
1746952798371 1.12213 12
1746952803125 1.24171 13
1746952806916 1.06733 14
1746952810772 0.97149 15
1746952814465 1.0713 16
1746952818337 1.00253 17
1746952821816 1.06523 18
1746952825944 1.06825 19
1746952830565 0.9918 20
1746952835249 1.18335 21
1746952839404 1.01762 22
1746952843026 1.00736 23
1746952846884 1.15851 24
1746952851419 1.10575 25
1746952855721 1.12572 26
1746952859939 0.99039 27
1746952864772 0.94171 28
1746952868425 1.07502 29
1746952872612 1.01384 30
1746952877818 1.07468 31
1746952882079 0.95271 32
1746952885448 1.04532 33
1746952890783 1.07686 34
1746952897780 1.05078 35
1746952903198 1.10346 36
1746952907986 1.02159 37
1746952913367 1.04607 38
1746952918850 0.94743 39
1746952926117 1.1867 40
1746952932333 0.93318 41
1746952940329 0.929 42
1746952947767 0.86097 43
1746952954989 0.8956 44
1746952961263 1.05919 45
1746952969594 0.90146 46
1746952977175 1.13007 47
1746952984213 0.87568 48
1746952989655 0.94404 49
1746952996755 0.79939 50
1746953003170 0.89577 51
1746953010982 0.92644 52
1746953018184 0.85831 53
1746953027239 0.83906 54
1746953037420 0.94246 55
1746953047231 0.97152 56
1746953055264 0.96116 57
1746953064332 0.84381 58
1746953071395 0.83308 59
1746953076843 0.79776 60
1746953082650 0.84221 61
1746953088818 0.86016 62
1746953095429 0.82577 63
1746953105324 0.8688 64
1746953111358 0.88608 65
1746953119076 0.81275 66
1746953126847 0.77828 67
1746953134279 0.84494 68
1746953140846 0.76769 69
1746953150756 0.89015 70
1746953160729 0.84877 71
1746953171117 0.73731 72
1746953179797 0.74011 73
1746953191230 0.70849 74
1746953201968 0.82014 75
1746953216150 0.79108 76
1746953231888 0.74554 77
1746953241358 0.78847 78
1746953252146 0.71099 79
1746953263163 0.78005 80
1746953271315 0.69094 81
1746953280647 0.7259 82
1746953290228 0.68897 83
1746953299958 0.68544 84
1746953308600 0.7767 85
1746953319283 0.78107 86
1746953330230 0.77844 87
1746953342628 0.80802 88
1746953352300 0.75741 89
1746953362479 0.63595 90
1746953372393 0.60793 91
1746953381612 0.64066 92
1746953388698 0.65204 93
1746953397753 0.6441 94
1746953406797 0.64075 95
1746953415871 0.65225 96
1746953425052 0.63139 97
1746953433657 0.62459 98
1746953443537 0.63439 99
