1746952750545 3.84957 0
1746952754357 3.48621 1
1746952758638 2.97694 2
1746952762544 2.17203 3
1746952766287 1.76865 4
1746952769892 1.55525 5
1746952773449 1.92636 6
1746952777633 1.86186 7
1746952781439 1.67183 8
1746952785733 1.74876 9
1746952790404 1.42965 10
1746952794178 1.40554 11
1746952798371 1.49918 12
1746952803125 1.65865 13
1746952806916 1.49976 14
1746952810772 1.39214 15
1746952814465 1.60387 16
1746952818337 1.49348 17
1746952821816 1.6975 18
1746952825944 1.53935 19
1746952830565 1.39664 20
1746952835249 1.43272 21
1746952839404 1.33468 22
1746952843026 1.39324 23
1746952846884 1.54764 24
1746952851419 1.33721 25
1746952855721 1.45178 26
1746952859939 1.43888 27
1746952864772 1.44619 28
1746952868425 1.22791 29
1746952872612 1.3597 30
1746952877818 1.42853 31
1746952882079 1.23261 32
1746952885448 1.21874 33
1746952890783 1.34503 34
1746952897780 1.13337 35
1746952903198 1.29524 36
1746952907986 1.19354 37
1746952913367 1.23663 38
1746952918850 1.22133 39
1746952926117 1.2458 40
1746952932333 1.16753 41
1746952940329 1.05755 42
1746952947767 1.12862 43
1746952954989 1.02157 44
1746952961263 1.17355 45
1746952969594 1.11549 46
1746952977175 1.1496 47
1746952984213 0.94803 48
1746952989655 1.03016 49
1746952996755 0.93843 50
1746953003170 1.06132 51
1746953010982 0.91031 52
1746953018184 0.93319 53
1746953027239 0.92109 54
1746953037420 1.00207 55
1746953047231 0.97029 56
1746953055264 0.83855 57
1746953064332 0.87939 58
1746953071395 0.87064 59
1746953076843 0.89204 60
1746953082650 0.83565 61
1746953088818 0.82468 62
1746953095429 0.85406 63
1746953105324 0.82807 64
1746953111358 0.83788 65
1746953119076 0.86338 66
1746953126847 0.84679 67
1746953134279 0.93193 68
1746953140846 0.75713 69
1746953150756 0.84083 70
1746953160729 0.81532 71
1746953171117 0.76623 72
1746953179797 0.75221 73
1746953191230 0.76314 74
1746953201968 0.74294 75
1746953216150 0.75493 76
1746953231888 0.72876 77
1746953241358 0.78906 78
1746953252146 0.71733 79
1746953263163 0.85875 80
1746953271315 0.72239 81
1746953280647 0.83142 82
1746953290228 0.72077 83
1746953299958 0.69373 84
1746953308600 0.70526 85
1746953319283 0.75492 86
1746953330230 0.69248 87
1746953342628 0.79379 88
1746953352300 0.71824 89
1746953362479 0.74605 90
1746953372393 0.74712 91
1746953381612 0.70942 92
1746953388698 0.6975 93
1746953397753 0.73645 94
1746953406797 0.71433 95
1746953415871 0.72897 96
1746953425052 0.70326 97
1746953433657 0.69534 98
1746953443537 0.70387 99
