1746952750545 1.27787 0
1746952754357 1.13703 1
1746952758638 1.08777 2
1746952762544 1.03557 3
1746952766287 1.02802 4
1746952769892 1.05729 5
1746952773449 1.14981 6
1746952777633 1.07549 7
1746952781439 1.04851 8
1746952785733 0.99661 9
1746952790404 1.05226 10
1746952794178 1.00721 11
1746952798371 1.03786 12
1746952803125 1.10183 13
1746952806916 1.00301 14
1746952810772 0.9825 15
1746952814465 0.96956 16
1746952818337 1.00413 17
1746952821816 1.039 18
1746952825944 1.02997 19
1746952830565 1.02024 20
1746952835249 1.12159 21
1746952839404 1.0325 22
1746952843026 0.99415 23
1746952846884 1.12132 24
1746952851419 1.04264 25
1746952855721 1.08074 26
1746952859939 1.06241 27
1746952864772 1.0103 28
1746952868425 1.07806 29
1746952872612 1.08817 30
1746952877818 1.10074 31
1746952882079 1.01804 32
1746952885448 1.04499 33
1746952890783 1.05878 34
1746952897780 1.02771 35
1746952903198 1.11247 36
1746952907986 1.03509 37
1746952913367 1.0828 38
1746952918850 1.023 39
1746952926117 1.1631 40
1746952932333 1.06754 41
1746952940329 1.04134 42
1746952947767 0.96683 43
1746952954989 1.00396 44
1746952961263 1.04866 45
1746952969594 1.00704 46
1746952977175 1.04531 47
1746952984213 0.95059 48
1746952989655 1.00892 49
1746952996755 0.96723 50
1746953003170 1.02675 51
1746953010982 1.01786 52
1746953018184 0.96127 53
1746953027239 0.98263 54
1746953037420 1.04399 55
1746953047231 0.97222 56
1746953055264 0.98614 57
1746953064332 0.95583 58
1746953071395 0.96833 59
1746953076843 1.01475 60
1746953082650 0.96165 61
1746953088818 0.94134 62
1746953095429 0.9868 63
1746953105324 0.97156 64
1746953111358 1.00059 65
1746953119076 0.9939 66
1746953126847 0.96891 67
1746953134279 1.01374 68
1746953140846 0.93305 69
1746953150756 0.99909 70
1746953160729 1.00133 71
1746953171117 0.94786 72
1746953179797 0.9433 73
1746953191230 0.95519 74
1746953201968 0.96938 75
1746953216150 0.92655 76
1746953231888 0.93374 77
1746953241358 0.94528 78
1746953252146 0.91398 79
1746953263163 1.00733 80
1746953271315 0.89913 81
1746953280647 0.95646 82
1746953290228 0.89609 83
1746953299958 0.90958 84
1746953308600 0.92848 85
1746953319283 0.96885 86
1746953330230 0.9609 87
1746953342628 0.95496 88
1746953352300 0.93802 89
1746953362479 0.89228 90
1746953372393 0.89484 91
1746953381612 0.91491 92
1746953388698 0.91394 93
1746953397753 0.91644 94
1746953406797 0.89105 95
1746953415871 0.91059 96
1746953425052 0.9314 97
1746953433657 0.88377 98
1746953443537 0.8917 99
