1746954475737 0.86539 0
1746954484989 0.94038 1
1746954494379 0.70403 2
1746954504372 0.83455 3
1746954513508 0.75612 4
1746954522727 0.8445 5
1746954531298 0.81257 6
1746954540964 0.86218 7
1746954550255 0.88351 8
1746954558558 0.71612 9
1746954567728 0.67927 10
1746954580193 0.45605 11
1746954591672 0.78431 12
1746954602508 0.25294 13
1746954610717 0.25294 14
1746954619460 0.77525 15
1746954627733 0.74347 16
1746954636244 0.659 17
1746954643545 0.659 18
1746954651928 0.77822 19
1746954663529 0.83959 20
1746954678259 0.78071 21
1746954687306 0.78071 22
1746954698093 0.83359 23
1746954709462 0.90273 24
1746954720517 0.9482 25
1746954729400 0.9482 26
1746954740803 0.9587 27
1746954751015 0.94485 28
1746954762922 0.93522 29
1746954770995 0.93522 30
1746954781609 0.92575 31
1746954793057 0.92591 32
1746954804553 0.92612 33
1746954812671 0.92612 34
1746954824375 0.92643 35
1746954835478 0.92665 36
1746954846927 0.92683 37
1746954855746 0.92683 38
1746954866516 0.92674 39
1746954877193 0.92699 40
1746954887652 0.92706 41
1746954895747 0.92706 42
1746954905917 0.93017 43
1746954916984 0.93195 44
1746954927272 0.93136 45
1746954936329 0.93136 46
1746954946523 0.93164 47
1746954956580 0.9315 48
1746954967163 0.92803 49
1746954977480 0.9315467625899281 49
