1746954475737 0.49188 0
1746954484989 0.5202 1
1746954494379 0.4277 2
1746954504372 0.46911 3
1746954513508 0.40115 4
1746954522727 0.59316 5
1746954531298 0.61048 6
1746954540964 0.61519 7
1746954550255 0.5313 8
1746954558558 0.4584 9
1746954567728 0.43865 10
1746954580193 0.27688 11
1746954591672 0.51508 12
1746954602508 0.16025 13
1746954610717 0.16025 14
1746954619460 0.59955 15
1746954627733 0.54124 16
1746954636244 0.48996 17
1746954643545 0.48996 18
1746954651928 0.53681 19
1746954663529 0.56741 20
1746954678259 0.53943 21
1746954687306 0.53943 22
1746954698093 0.56713 23
1746954709462 0.64744 24
1746954720517 0.67276 25
1746954729400 0.67276 26
1746954740803 0.7201 27
1746954751015 0.72823 28
1746954762922 0.74257 29
1746954770995 0.74257 30
1746954781609 0.7456 31
1746954793057 0.75623 32
1746954804553 0.71326 33
1746954812671 0.71326 34
1746954824375 0.69379 35
1746954835478 0.68566 36
1746954846927 0.68958 37
1746954855746 0.68958 38
1746954866516 0.71134 39
1746954877193 0.71156 40
1746954887652 0.74353 41
1746954895747 0.74353 42
1746954905917 0.74821 43
1746954916984 0.75634 44
1746954927272 0.75301 45
1746954936329 0.75301 46
1746954946523 0.74349 47
1746954956580 0.75939 48
1746954967163 0.75712 49
1746954977480 0.7594180873483032 49
