1746954475737 0.84607 0
1746954484989 1.0 1
1746954494379 0.54377 2
1746954504372 0.82605 3
1746954513508 0.82223 4
1746954522727 0.78509 5
1746954531298 0.83066 6
1746954540964 0.8438 7
1746954550255 0.9156 8
1746954558558 0.63644 9
1746954567728 0.66892 10
1746954580193 0.71748 11
1746954591672 0.9606 12
1746954602508 0.25302 13
1746954610717 0.25302 14
1746954619460 0.62699 15
1746954627733 1.0 16
1746954636244 0.59287 17
1746954643545 0.59287 18
1746954651928 0.72494 19
1746954663529 1.0 20
1746954678259 0.7261 21
1746954687306 0.7261 22
1746954698093 0.87458 23
1746954709462 0.85162 24
1746954720517 0.90737 25
1746954729400 0.90737 26
1746954740803 0.97098 27
1746954751015 0.90268 28
1746954762922 0.93752 29
1746954770995 0.93752 30
1746954781609 0.98694 31
1746954793057 0.98359 32
1746954804553 0.99475 33
1746954812671 0.99475 34
1746954824375 0.98835 35
1746954835478 0.99501 36
1746954846927 0.99492 37
1746954855746 0.99492 38
1746954866516 0.99464 39
1746954877193 0.99191 40
1746954887652 0.98753 41
1746954895747 0.98753 42
1746954905917 0.98893 43
1746954916984 0.98742 44
1746954927272 0.98377 45
1746954936329 0.98377 46
1746954946523 0.97582 47
1746954956580 0.97326 48
1746954967163 0.97304 49
1746954977480 0.9731872446508956 49
