1746954475737 0.84615 0
1746954484989 0.84505 1
1746954494379 0.84615 2
1746954504372 0.69231 3
1746954513508 0.76923 4
1746954522727 0.84615 5
1746954531298 0.75567 6
1746954540964 0.76923 7
1746954550255 0.83535 8
1746954558558 0.69231 9
1746954567728 0.69231 10
1746954580193 0.38462 11
1746954591672 0.69231 12
1746954602508 0.76923 13
1746954610717 0.76923 14
1746954619460 0.64787 15
1746954627733 0.61216 16
1746954636244 0.69231 17
1746954643545 0.69231 18
1746954651928 0.76923 19
1746954663529 0.7592 20
1746954678259 0.84615 21
1746954687306 0.84615 22
1746954698093 0.69231 23
1746954709462 0.8844 24
1746954720517 0.92308 25
1746954729400 0.92308 26
1746954740803 0.92308 27
1746954751015 0.92308 28
1746954762922 0.92308 29
1746954770995 0.92308 30
1746954781609 0.92308 31
1746954793057 0.92308 32
1746954804553 0.92308 33
1746954812671 0.92308 34
1746954824375 0.92308 35
1746954835478 0.92308 36
1746954846927 0.92308 37
1746954855746 0.92308 38
1746954866516 0.92308 39
1746954877193 0.92308 40
1746954887652 0.92308 41
1746954895747 0.92308 42
1746954905917 0.92308 43
1746954916984 0.92308 44
1746954927272 0.92308 45
1746954936329 0.92308 46
1746954946523 0.92308 47
1746954956580 0.92308 48
1746954967163 0.92308 49
1746954977480 0.9230769230769231 49
