1746952751107 0.20274 0
1746952754973 0.28387 1
1746952759223 0.77692 2
1746952763228 0.77834 3
1746952766840 0.80765 4
1746952770527 0.76927 5
1746952774303 0.7692 6
1746952778362 0.76897 7
1746952782229 0.67538 8
1746952786521 0.55735 9
1746952791051 0.49406 10
1746952794928 0.4566 11
1746952799181 0.3956 12
1746952803891 0.3674 13
1746952807688 0.39917 14
1746952811455 0.38695 15
1746952815045 0.22797 16
1746952818904 0.16419 17
1746952822519 0.16939 18
1746952827124 0.19719 19
1746952831207 0.3268 20
1746952835892 0.29155 21
1746952840044 0.29264 22
1746952843989 0.3105 23
1746952847858 0.36046 24
1746952852524 0.36447 25
1746952856910 0.33678 26
1746952861320 0.33371 27
1746952865402 0.33371 28
1746952869672 0.43023 29
1746952874344 0.51442 30
1746952879187 0.34979 31
1746952882633 0.34979 32
1746952887732 0.27343 33
1746952893496 0.21133 34
1746952899691 0.21446 35
1746952903858 0.21446 36
1746952910111 0.2697 37
1746952915134 0.31852 38
1746952920664 0.32168 39
1746952926965 0.32168 40
1746952933820 0.32894 41
1746952942641 0.34193 42
1746952949878 0.49789 43
1746952955853 0.49789 44
1746952963553 0.8255 45
1746952971476 0.89515 46
1746952979128 0.90481 47
1746952984818 0.90481 48
1746952991441 0.92097 49
1746952998480 0.93284 50
1746953005351 0.92776 51
1746953011653 0.92776 52
1746953021385 0.92655 53
1746953029421 0.90925 54
1746953040279 0.92446 55
1746953047940 0.92446 56
1746953057344 0.94436 57
1746953066118 0.951 58
1746953073070 0.96435 59
1746953077419 0.96435 60
1746953084695 0.96147 61
1746953090854 0.97045 62
1746953097741 0.975 63
1746953105918 0.975 64
1746953113067 0.99 65
1746953121009 0.995 66
1746953129623 0.995 67
1746953134857 0.995 68
1746953144231 0.99 69
1746953153279 0.98188 70
1746953165027 0.90936 71
1746953172231 0.98188 72
1746953182873 0.90536 73
1746953194081 0.97853 74
1746953206635 0.59575 75
1746953220560 0.90536 76
1746953235997 0.98188 77
1746953244297 0.98188 78
1746953256591 0.91394 79
1746953264550 0.98567 80
1746953274614 0.98567 81
1746953283665 0.98567 82
1746953293148 0.98567 83
1746953300657 0.98567 84
1746953312208 0.98567 85
1746953321963 0.99 86
1746953333178 0.99 87
1746953343291 0.99 88
1746953356187 0.99 89
1746953365331 0.98567 90
1746953375025 0.98567 91
1746953382255 0.98567 92
1746953392113 0.98567 93
1746953400790 0.98188 94
1746953409651 0.90536 95
1746953417703 0.97853 96
1746953427923 0.97853 97
1746953436923 0.97853 98
1746953445641 0.97853 99
1746953449110 0.9856666666666667 99
