1746952751107 0.09758 0
1746952754973 0.16398 1
1746952759223 0.49288 2
1746952763228 0.48527 3
1746952766840 0.51332 4
1746952770527 0.44797 5
1746952774303 0.45362 6
1746952778362 0.48682 7
1746952782229 0.40988 8
1746952786521 0.37714 9
1746952791051 0.29109 10
1746952794928 0.24069 11
1746952799181 0.20664 12
1746952803891 0.20282 13
1746952807688 0.22002 14
1746952811455 0.20297 15
1746952815045 0.15964 16
1746952818904 0.12882 17
1746952822519 0.13255 18
1746952827124 0.15262 19
1746952831207 0.25909 20
1746952835892 0.24541 21
1746952840044 0.24148 22
1746952843989 0.25172 23
1746952847858 0.24615 24
1746952852524 0.24426 25
1746952856910 0.25978 26
1746952861320 0.27516 27
1746952865402 0.27516 28
1746952869672 0.33845 29
1746952874344 0.37625 30
1746952879187 0.26025 31
1746952882633 0.26025 32
1746952887732 0.19087 33
1746952893496 0.11829 34
1746952899691 0.1427 35
1746952903858 0.1427 36
1746952910111 0.16196 37
1746952915134 0.20829 38
1746952920664 0.20627 39
1746952926965 0.20627 40
1746952933820 0.21968 41
1746952942641 0.19331 42
1746952949878 0.31247 43
1746952955853 0.31247 44
1746952963553 0.49295 45
1746952971476 0.56176 46
1746952979128 0.52884 47
1746952984818 0.52884 48
1746952991441 0.5834 49
1746952998480 0.64865 50
1746953005351 0.65032 51
1746953011653 0.65032 52
1746953021385 0.6576 53
1746953029421 0.61423 54
1746953040279 0.67247 55
1746953047940 0.67247 56
1746953057344 0.70686 57
1746953066118 0.6518 58
1746953073070 0.65123 59
1746953077419 0.65123 60
1746953084695 0.69032 61
1746953090854 0.71695 62
1746953097741 0.70484 63
1746953105918 0.70484 64
1746953113067 0.73052 65
1746953121009 0.7224 66
1746953129623 0.70479 67
1746953134857 0.70479 68
1746953144231 0.71297 69
1746953153279 0.69477 70
1746953165027 0.63264 71
1746953172231 0.71012 72
1746953182873 0.62761 73
1746953194081 0.71465 74
1746953206635 0.39089 75
1746953220560 0.64265 76
1746953235997 0.72973 77
1746953244297 0.74811 78
1746953256591 0.67433 79
1746953264550 0.74737 80
1746953274614 0.73274 81
1746953283665 0.72203 82
1746953293148 0.72332 83
1746953300657 0.72332 84
1746953312208 0.71707 85
1746953321963 0.72343 86
1746953333178 0.71709 87
1746953343291 0.71709 88
1746953356187 0.7311 89
1746953365331 0.73924 90
1746953375025 0.74764 91
1746953382255 0.74764 92
1746953392113 0.75238 93
1746953400790 0.74067 94
1746953409651 0.65902 95
1746953417703 0.73898 96
1746953427923 0.72755 97
1746953436923 0.73817 98
1746953445641 0.73817 99
1746953449110 0.7523751835541126 99
