1746952751107 0.008 0
1746952754973 0.00733 1
1746952759223 0.008 2
1746952763228 0.00733 3
1746952766840 0.00867 4
1746952770527 0.00867 5
1746952774303 0.00867 6
1746952778362 0.00867 7
1746952782229 0.01288 8
1746952786521 0.00867 9
1746952791051 0.00867 10
1746952794928 0.00867 11
1746952799181 0.69529 12
1746952803891 0.60707 13
1746952807688 1.0 14
1746952811455 1.0 15
1746952815045 0.76061 16
1746952818904 0.91203 17
1746952822519 0.94034 18
1746952827124 1.0 19
1746952831207 0.69518 20
1746952835892 0.95344 21
1746952840044 0.95044 22
1746952843989 0.70604 23
1746952847858 1.0 24
1746952852524 1.0 25
1746952856910 0.98203 26
1746952861320 0.64552 27
1746952865402 0.64552 28
1746952869672 0.50232 29
1746952874344 0.74477 30
1746952879187 0.30299 31
1746952882633 0.30299 32
1746952887732 0.65361 33
1746952893496 0.24873 34
1746952899691 0.26744 35
1746952903858 0.26744 36
1746952910111 0.4896 37
1746952915134 0.70574 38
1746952920664 0.60971 39
1746952926965 0.60971 40
1746952933820 0.47033 41
1746952942641 0.57893 42
1746952949878 0.52099 43
1746952955853 0.52099 44
1746952963553 0.71162 45
1746952971476 0.81771 46
1746952979128 1.0 47
1746952984818 1.0 48
1746952991441 0.98578 49
1746952998480 1.0 50
1746953005351 0.97197 51
1746953011653 0.97197 52
1746953021385 0.99417 53
1746953029421 0.83981 54
1746953040279 0.90685 55
1746953047940 0.90685 56
1746953057344 1.0 57
1746953066118 1.0 58
1746953073070 0.98805 59
1746953077419 0.98805 60
1746953084695 1.0 61
1746953090854 0.98762 62
1746953097741 0.8565 63
1746953105918 0.8565 64
1746953113067 1.0 65
1746953121009 1.0 66
1746953129623 1.0 67
1746953134857 1.0 68
1746953144231 0.9908 69
1746953153279 0.9874 70
1746953165027 0.98892 71
1746953172231 0.99002 72
1746953182873 0.98768 73
1746953194081 0.9806 74
1746953206635 0.96745 75
1746953220560 0.98096 76
1746953235997 0.98513 77
1746953244297 0.98234 78
1746953256591 0.99435 79
1746953264550 0.99605 80
1746953274614 1.0 81
1746953283665 1.0 82
1746953293148 1.0 83
1746953300657 1.0 84
1746953312208 1.0 85
1746953321963 0.99966 86
1746953333178 0.99634 87
1746953343291 0.99634 88
1746953356187 0.99556 89
1746953365331 0.99429 90
1746953375025 0.99334 91
1746953382255 0.99334 92
1746953392113 0.99257 93
1746953400790 0.9917 94
1746953409651 0.99293 95
1746953417703 0.9948 96
1746953427923 1.0 97
1746953436923 1.0 98
1746953445641 1.0 99
1746953449110 0.9923886173028915 99
