1746952751107 0.92308 0
1746952754973 0.84615 1
1746952759223 0.92308 2
1746952763228 0.84615 3
1746952766840 1.0 4
1746952770527 1.0 5
1746952774303 1.0 6
1746952778362 1.0 7
1746952782229 0.84615 8
1746952786521 1.0 9
1746952791051 1.0 10
1746952794928 1.0 11
1746952799181 0.18026 12
1746952803891 0.23077 13
1746952807688 0.22702 14
1746952811455 0.23074 15
1746952815045 0.15385 16
1746952818904 0.15385 17
1746952822519 0.15385 18
1746952827124 0.14419 19
1746952831207 0.15385 20
1746952835892 0.15385 21
1746952840044 0.15385 22
1746952843989 0.19019 23
1746952847858 0.30154 24
1746952852524 0.3041 25
1746952856910 0.23077 26
1746952861320 0.28329 27
1746952865402 0.28329 28
1746952869672 0.3109 29
1746952874344 0.46154 30
1746952879187 0.46154 31
1746952882633 0.46154 32
1746952887732 0.23077 33
1746952893496 0.23077 34
1746952899691 0.23077 35
1746952903858 0.23077 36
1746952910111 0.23077 37
1746952915134 0.23077 38
1746952920664 0.23077 39
1746952926965 0.23077 40
1746952933820 0.23077 41
1746952942641 0.23077 42
1746952949878 0.53846 43
1746952955853 0.53846 44
1746952963553 0.84615 45
1746952971476 0.92308 46
1746952979128 0.84056 47
1746952984818 0.84056 48
1746952991441 0.84615 49
1746952998480 0.90794 50
1746953005351 0.92308 51
1746953011653 0.92308 52
1746953021385 0.92308 53
1746953029421 0.92308 54
1746953040279 0.92308 55
1746953047940 0.92308 56
1746953057344 0.91139 57
1746953066118 0.91499 58
1746953073070 0.84615 59
1746953077419 0.84615 60
1746953084695 0.82526 61
1746953090854 0.84615 62
1746953097741 1.0 63
1746953105918 1.0 64
1746953113067 0.91323 65
1746953121009 0.99639 66
1746953129623 0.99493 67
1746953134857 0.99493 68
1746953144231 0.92308 69
1746953153279 0.92308 70
1746953165027 0.84615 71
1746953172231 0.92308 72
1746953182873 0.84615 73
1746953194081 0.92308 74
1746953206635 0.53846 75
1746953220560 0.84615 76
1746953235997 0.92308 77
1746953244297 0.92308 78
1746953256591 0.84615 79
1746953264550 0.92308 80
1746953274614 0.91913 81
1746953283665 0.91589 82
1746953293148 0.91621 83
1746953300657 0.91621 84
1746953312208 0.91913 85
1746953321963 0.92308 86
1746953333178 0.92308 87
1746953343291 0.92308 88
1746953356187 0.92308 89
1746953365331 0.92308 90
1746953375025 0.92308 91
1746953382255 0.92308 92
1746953392113 0.92308 93
1746953400790 0.92308 94
1746953409651 0.84615 95
1746953417703 0.92308 96
1746953427923 0.91936 97
1746953436923 0.91581 98
1746953445641 0.90035 99
1746953449110 0.9230769230769231 99
