1746937875045 0.0001 0
1746937893143 0.000215644 1
1746937906668 0.000326536 2
1746937928255 0.00043267599999999995 3
1746937942728 0.000534064 4
1746937955563 0.0006307 5
1746937966377 0.000722584 6
1746937982252 0.000809716 7
1746937994274 0.000892096 8
1746938005453 0.0009697240000000002 9
1746938021106 0.0010426 10
1746938042694 0.001110724 11
1746938055340 0.0011740960000000001 12
1746938066217 0.001232716 13
1746938074440 0.0012865840000000001 14
1746938085721 0.0013357 15
1746938096175 0.0013663999999999998 16
1746938106155 0.0013267999999999997 17
1746938113311 0.0012872 18
1746938126251 0.0012476 19
1746938134628 0.001208 20
1746938146946 0.0011684000000000002 21
1746938159497 0.0011288000000000001 22
1746938168338 0.0010892000000000002 23
1746938178320 0.0010496000000000001 24
1746938190701 0.00101 25
1746938201084 0.0009704 26
1746938209913 0.0009308 27
1746938220616 0.0008911999999999999 28
1746938233685 0.0008516000000000001 29
1746938246883 0.0008120000000000001 30
1746938256563 0.0007724 31
1746938268278 0.0007328 32
1746938279584 0.0006931999999999999 33
1746938289671 0.0006536 34
1746938303797 0.0006140000000000001 35
1746938314783 0.0005744000000000001 36
1746938326138 0.0005348000000000001 37
1746938336439 0.0004952 38
1746938346151 0.00045559999999999996 39
1746938357498 0.0004159999999999999 40
1746938369196 0.00037640000000000015 41
1746938378490 0.0003368000000000001 42
1746938386961 0.0002972 43
1746938396061 0.00025760000000000003 44
1746938404205 0.00021799999999999996 45
1746938415463 0.00017839999999999992 46
1746938425020 0.0001388000000000001 47
1746938436562 9.920000000000008e-05 48
1746938444224 5.9600000000000046e-05 49
