1746952491881 1.58778 0
1746952497964 1.31231 1
1746952502336 1.18213 2
1746952506961 1.31954 3
1746952511914 1.19178 4
1746952517121 1.14682 5
1746952521629 1.16235 6
1746952526847 1.10801 7
1746952531994 1.0903 8
1746952537050 0.96788 9
1746952542033 1.1635 10
1746952546693 1.06756 11
1746952551092 1.06336 12
1746952555494 1.23445 13
1746952559859 0.97629 14
1746952564104 0.84891 15
1746952568810 1.013 16
1746952574061 1.07711 17
1746952578376 1.07067 18
1746952583134 1.07591 19
1746952588173 1.01647 20
1746952593862 1.12661 21
1746952598479 0.97469 22
1746952603108 0.99102 23
1746952607466 0.99617 24
1746952611904 1.08379 25
1746952617010 1.01283 26
1746952621797 0.93291 27
1746952626562 1.03042 28
1746952631130 1.07532 29
1746952635667 0.94544 30
1746952640409 1.00666 31
1746952644915 0.90994 32
1746952649475 0.98123 33
1746952654326 0.93839 34
1746952659596 0.91469 35
1746952665651 1.01557 36
1746952670108 0.98491 37
1746952675644 0.95579 38
1746952682099 0.88307 39
1746952688435 0.84918 40
1746952693022 0.83888 41
1746952698273 0.79294 42
1746952703558 0.72799 43
1746952709383 0.7636 44
1746952715114 0.74236 45
1746952720327 0.72748 46
1746952725882 0.75228 47
1746952731400 0.76054 48
1746952735847 0.70299 49
