1746952491881 3.84957 0
1746952497964 3.48707 1
1746952502336 2.98854 2
1746952506961 2.21499 3
1746952511914 1.80683 4
1746952517121 1.58863 5
1746952521629 1.95297 6
1746952526847 1.87905 7
1746952531994 1.71353 8
1746952537050 1.86721 9
1746952542033 1.44539 10
1746952546693 1.33039 11
1746952551092 1.47807 12
1746952555494 1.6941 13
1746952559859 1.39054 14
1746952564104 1.32396 15
1746952568810 1.54969 16
1746952574061 1.51294 17
1746952578376 1.78886 18
1746952583134 1.59212 19
1746952588173 1.33856 20
1746952593862 1.41716 21
1746952598479 1.35344 22
1746952603108 1.4405 23
1746952607466 1.50055 24
1746952611904 1.26612 25
1746952617010 1.39856 26
1746952621797 1.44331 27
1746952626562 1.45199 28
1746952631130 1.19332 29
1746952635667 1.25589 30
1746952640409 1.35105 31
1746952644915 1.14824 32
1746952649475 1.17105 33
1746952654326 1.27183 34
1746952659596 1.05689 35
1746952665651 1.23302 36
1746952670108 1.12638 37
1746952675644 1.23695 38
1746952682099 1.17399 39
1746952688435 1.21016 40
1746952693022 1.19884 41
1746952698273 1.2326 42
1746952703558 1.09472 43
1746952709383 1.15684 44
1746952715114 1.17804 45
1746952720327 1.08258 46
1746952725882 1.1269 47
1746952731400 1.00632 48
1746952735847 1.04431 49
