1746952491881 1.27787 0
1746952497964 1.13733 1
1746952502336 1.08862 2
1746952506961 1.04051 3
1746952511914 1.04491 4
1746952517121 1.04839 5
1746952521629 1.13057 6
1746952526847 1.08006 7
1746952531994 1.02265 8
1746952537050 1.01773 9
1746952542033 1.07351 10
1746952546693 0.99718 11
1746952551092 1.00413 12
1746952555494 1.10427 13
1746952559859 0.98811 14
1746952564104 0.96714 15
1746952568810 0.97873 16
1746952574061 1.0402 17
1746952578376 1.04665 18
1746952583134 1.03506 19
1746952588173 1.03696 20
1746952593862 1.07521 21
1746952598479 1.01191 22
1746952603108 0.99306 23
1746952607466 1.07451 24
1746952611904 1.02397 25
1746952617010 1.01432 26
1746952621797 1.04574 27
1746952626562 1.0566 28
1746952631130 1.07695 29
1746952635667 1.07219 30
1746952640409 1.06594 31
1746952644915 0.98893 32
1746952649475 0.99605 33
1746952654326 1.01845 34
1746952659596 0.97948 35
1746952665651 1.02006 36
1746952670108 0.99761 37
1746952675644 1.02147 38
1746952682099 0.98621 39
1746952688435 0.94071 40
1746952693022 0.95456 41
1746952698273 0.96256 42
1746952703558 0.91972 43
1746952709383 0.92028 44
1746952715114 0.91373 45
1746952720327 0.91505 46
1746952725882 0.93215 47
1746952731400 0.94463 48
1746952735847 0.90572 49
