1746937166098 0.0002 0
1746937170071 0.00041584200000000003 1
1746937174407 0.000627328 2
1746937179823 0.000834458 3
1746937185465 0.001037232 4
1746937190412 0.0012356500000000002 5
1746937195330 0.0014297119999999999 6
1746937200557 0.001619418 7
1746937207004 0.0018047680000000002 8
1746937210867 0.0018218000000000002 9
1746937217384 0.001802 10
1746937223951 0.0017822 11
1746937229349 0.0017624 12
1746937236505 0.0017426 13
1746937242007 0.0017228 14
1746937245833 0.001703 15
1746937250793 0.0016832000000000001 16
1746937256257 0.0016634 17
1746937262708 0.0016436000000000003 18
1746937266558 0.0016238000000000001 19
1746937272087 0.0016040000000000002 20
1746937278168 0.0015842 21
1746937281919 0.0015644 22
1746937288555 0.0015446 23
1746937295139 0.0015248 24
1746937299059 0.0015049999999999998 25
1746937305757 0.0014852 26
1746937310807 0.0014654000000000002 27
1746937314539 0.0014456 28
1746937319646 0.0014258 29
1746937325353 0.001406 30
1746937329129 0.0013862 31
1746937335218 0.0013663999999999998 32
1746937341883 0.0013465999999999999 33
1746937347665 0.0013267999999999997 34
1746937353154 0.001307 35
1746937357142 0.0012872 36
1746937362667 0.0012674000000000001 37
1746937366428 0.0012476 38
1746937372289 0.0012278 39
1746937379057 0.001208 40
1746937383217 0.0011882000000000002 41
1746937390344 0.0011684000000000002 42
1746937398429 0.0011486 43
1746937403897 0.0011288000000000001 44
1746937414793 0.001109 45
1746937420993 0.0010892000000000002 46
1746937425103 0.0010694 47
1746937432014 0.0010496000000000001 48
1746937439195 0.0010298 49
1746937446266 0.00101 50
1746937452532 0.0009901999999999999 51
1746937459031 0.0009704 52
1746937468472 0.0009506 53
1746937474922 0.0009308 54
1746937483108 0.0009109999999999999 55
1746937490063 0.0008911999999999999 56
1746937496333 0.0008714 57
1746937503382 0.0008516000000000001 58
1746937510962 0.0008318000000000002 59
1746937517359 0.0008120000000000001 60
1746937530360 0.0007922000000000001 61
1746937566659 0.0007724 62
1746937573089 0.0007526000000000001 63
1746937580696 0.0007328 64
1746937590093 0.000713 65
1746937597024 0.0006931999999999999 66
1746937603825 0.0006733999999999999 67
1746937610445 0.0006536 68
1746937616688 0.0006338000000000001 69
1746937620596 0.0006140000000000001 70
1746937627730 0.0005942 71
1746937634738 0.0005744000000000001 72
1746937640934 0.0005546000000000001 73
1746937647300 0.0005348000000000001 74
1746937653823 0.000515 75
1746937659515 0.0004952 76
1746937666666 0.0004754 77
1746937673193 0.00045559999999999996 78
1746937679615 0.00043579999999999997 79
1746937686324 0.0004159999999999999 80
1746937693343 0.00039619999999999987 81
1746937701236 0.00037640000000000015 82
1746937705574 0.0003566000000000001 83
1746937714127 0.0003368000000000001 84
1746937720809 0.00031700000000000006 85
1746937726421 0.0002972 86
1746937733754 0.0002774 87
1746937741271 0.00025760000000000003 88
1746937746436 0.00023779999999999995 89
1746937754108 0.00021799999999999996 90
1746937761104 0.00019819999999999994 91
1746937764945 0.00017839999999999992 92
1746937771291 0.00015859999999999987 93
1746937777760 0.0001388000000000001 94
1746937781503 0.0001190000000000001 95
1746937786832 9.920000000000008e-05 96
1746937793802 7.940000000000006e-05 97
1746937800726 5.9600000000000046e-05 98
1746937806092 3.980000000000002e-05 99
